date,u10,v10,d2m,t2m,hcc,lcc,mcc,tp,ssr,sshf
2025-01-01 00:00:00,-1.4354401,-0.1700592,273.87234,276.57812,0.0,0.0,0.0,0.0,217472.0,9131.0
2025-01-01 01:00:00,-1.2693176,-0.1015625,274.3416,277.7196,0.0,0.0,0.0,0.0,756224.0,-69734.0
2025-01-01 02:00:00,-1.6415253,0.48721313,272.44177,282.336,0.0,0.0,0.0,0.0,1283648.0,-234295.0
2025-01-01 03:00:00,-1.5361938,1.0284424,272.60657,282.78296,0.0,0.0,0.0,0.0,1673472.0,-395504.0
2025-01-01 04:00:00,-1.2323608,1.3521423,272.79456,282.96735,0.0,0.0,0.0,0.0,1871104.0,-481893.0
2025-01-01 05:00:00,-1.2044525,1.4713745,272.71655,284.93384,0.0,0.0,0.0,0.0,1857216.0,-482774.0
2025-01-01 06:00:00,-1.4351349,1.3750153,272.86133,285.03174,0.0,0.0,0.0,0.0,1635008.0,-401913.0
2025-01-01 07:00:00,-1.8788452,1.2297974,273.24072,284.82617,0.0,0.0,0.0,0.0,1225024.0,-248808.0
2025-01-01 08:00:00,-2.2061157,0.68873596,274.89148,283.18658,0.0,0.0,0.0,0.0,695168.0,-63202.0
2025-01-01 09:00:00,-2.1590424,0.17982483,276.13843,282.72333,0.0,0.0,0.0,0.0,175872.0,68432.0
2025-01-01 10:00:00,-2.508316,0.10369873,276.7964,280.60223,0.0,0.0,0.0,0.0,3.5999988e-12,98015.0
2025-01-01 11:00:00,-2.4821777,0.00630188,277.07904,280.70056,0.0,0.0,0.0,0.0,3.5999988e-12,97192.0
2025-01-01 12:00:00,-2.4058533,-0.120788574,277.0337,280.69263,0.0,0.0,0.0,0.0,3.5999988e-12,89995.0
2025-01-01 13:00:00,-2.2632294,0.043823242,276.9942,280.49268,0.0,0.0030212402,0.0,0.0,3.5999988e-12,83815.0
2025-01-01 14:00:00,-2.1691284,0.36106873,277.05493,279.58838,0.0,0.0060424805,0.0,0.0,3.5999988e-12,74106.0
2025-01-01 15:00:00,-2.285614,0.56288147,277.2423,279.75208,0.0,0.0,0.0,0.0,3.5999988e-12,69724.0
2025-01-01 16:00:00,-2.620407,0.3312683,276.90845,279.52917,0.0,0.0,0.0,0.0,3.5999988e-12,64166.0
2025-01-01 17:00:00,-2.5883942,0.11286926,276.3319,278.2915,0.0,0.006866455,0.0,0.0,3.5999988e-12,59480.0
2025-01-01 18:00:00,-2.7129211,-0.20011902,276.51416,278.47656,0.0,0.0,0.0,0.0,3.5999988e-12,60925.0
2025-01-01 19:00:00,-2.6350555,-0.45082092,276.37732,278.35962,0.0,0.0,0.0,0.0,3.5999988e-12,46342.0
2025-01-01 20:00:00,-2.2950745,-1.1577759,276.1328,277.64502,0.0,0.0,0.0,0.0,3.5999988e-12,44865.0
2025-01-01 21:00:00,-1.8101044,-1.4238281,276.15283,277.73022,0.0,0.0,0.0,0.0,3.5999988e-12,49489.0
2025-01-01 22:00:00,-1.8717804,-1.5548553,276.88806,278.14648,0.0,0.0,0.0,0.0,3.5999988e-12,57500.0
2025-01-01 23:00:00,-2.0707397,-0.728775,277.00623,278.35938,0.0,0.0,0.0,0.0,256.0,67966.0
2025-01-02 00:00:00,-2.0969238,-0.91207886,277.42664,279.26697,0.0,0.006866455,0.0,0.0,210112.0,53309.0
2025-01-02 01:00:00,-1.6660767,-1.1513367,277.6225,279.79724,0.0,0.1109314,0.0,0.0,735040.0,-46715.0
2025-01-02 02:00:00,-2.1486511,-1.280014,277.44263,284.6891,0.0,0.15304565,0.0,0.0,1251328.0,-203987.0
2025-01-02 03:00:00,-2.5809631,-0.44900513,276.99976,284.7068,0.0,0.3564453,0.0,0.0,1628800.0,-363994.0
2025-01-02 04:00:00,-2.1222687,-0.59750366,277.09564,284.3805,0.0,0.6923523,0.0,0.0,1663424.0,-398701.0
2025-01-02 05:00:00,-1.6408539,-1.500946,276.73218,285.51892,0.0,0.75616455,0.0,0.0,1530112.0,-375151.0
2025-01-02 06:00:00,-1.7336121,-2.2425232,277.1349,285.98657,0.0,0.8395691,0.0,0.0,1244160.0,-320398.0
2025-01-02 07:00:00,-2.3347473,-2.301117,277.68982,285.74194,0.0,0.73202515,0.0,0.0,710400.0,-164827.0
2025-01-02 08:00:00,-2.569687,-2.2409973,278.14044,283.9143,0.0,0.6423645,0.0,0.0,389248.0,-45026.0
2025-01-02 09:00:00,-2.418686,-2.0500488,278.20972,283.71368,0.0,0.66522217,0.0,0.0,145984.0,53606.0
2025-01-02 10:00:00,-1.8671265,-1.8166199,277.90128,281.46295,0.0,0.38000488,0.0,0.0,3.5999988e-12,92703.0
2025-01-02 11:00:00,-1.6523743,-2.0941467,277.56424,281.38544,0.0,0.4458313,0.0,0.0,3.5999988e-12,69642.0
2025-01-02 12:00:00,-1.5555267,-2.2554474,277.45117,281.02417,0.0,0.39874268,0.0,4.7683716e-07,3.5999988e-12,83883.0
2025-01-02 13:00:00,-1.3951263,-2.1877441,277.11163,280.5514,0.0,0.25390625,0.0,4.7683716e-07,3.5999988e-12,80567.0
2025-01-02 14:00:00,-0.986557,-2.0065765,276.66803,279.39587,0.0,0.11703491,0.0,0.0,3.5999988e-12,81804.0
2025-01-02 15:00:00,-0.7249756,-1.8955994,276.5758,278.84802,0.0,0.021270752,0.0,0.0,3.5999988e-12,71921.0
2025-01-02 16:00:00,-0.35931396,-2.0200043,276.50916,278.4867,0.0,0.0030212402,0.0,0.0,3.5999988e-12,51592.0
2025-01-02 17:00:00,0.24220276,-1.875946,276.37628,277.83362,0.0,0.0,0.0,0.0,3.5999988e-12,47925.0
2025-01-02 18:00:00,0.7157593,-2.4558563,276.50983,277.98083,0.0031433105,0.0,0.0,0.0,3.5999988e-12,60850.0
2025-01-02 19:00:00,0.7456207,-2.82312,276.26514,277.62354,0.006866455,0.0,0.0,0.0,3.5999988e-12,72101.0
2025-01-02 20:00:00,0.5411072,-2.742279,275.99597,277.0177,0.0,0.0,0.0,0.0,3.5999988e-12,72553.0
2025-01-02 21:00:00,0.44482422,-2.6046295,275.99548,277.03064,0.0030212402,0.0,0.0069885254,0.0,3.5999988e-12,73721.0
2025-01-02 22:00:00,0.87101746,-2.252945,275.76562,277.0713,0.044891357,0.0,0.027923584,0.0,3.5999988e-12,70123.0
2025-01-02 23:00:00,1.180069,-2.2466125,276.2068,277.5022,0.047424316,0.016967773,0.035125732,0.0,256.0,74965.0
2025-01-03 00:00:00,1.4528503,-2.727005,276.8617,278.29077,0.0,0.020812988,0.0,0.0,201344.0,29953.0
2025-01-03 01:00:00,0.7615967,-2.8889313,277.83856,279.5575,0.0,0.04373169,0.0,0.0,708288.0,-111375.0
2025-01-03 02:00:00,-0.8914795,-3.9916382,277.9159,283.1012,0.0,0.15640259,0.0,0.0,1203072.0,-281557.0
2025-01-03 03:00:00,-1.8701172,-4.0821075,277.1892,283.5221,0.0,0.62353516,0.0,0.0,1612672.0,-472985.0
2025-01-03 04:00:00,-1.8211212,-4.151001,276.87402,283.48328,0.0,0.7267456,0.0,0.0,1709504.0,-527181.0
2025-01-03 05:00:00,-1.8411865,-4.203583,275.6682,283.95166,0.0,0.7359619,0.0,0.0,1434624.0,-448814.0
2025-01-03 06:00:00,-1.9877014,-4.217819,275.25952,284.1194,0.0,0.575531,0.0,0.0,1268864.0,-375865.0
2025-01-03 07:00:00,-2.1836548,-4.100525,274.87518,283.74402,0.0,0.4130249,0.0,0.0,1007424.0,-289072.0
2025-01-03 08:00:00,-2.440094,-3.6592255,274.6897,281.9358,0.0,0.29229736,0.0,0.0,526400.0,-110400.0
2025-01-03 09:00:00,-2.2088623,-2.7328186,274.33545,281.4359,0.0,0.0030212402,0.0,0.0,157632.0,53366.0
2025-01-03 10:00:00,-1.7254486,-1.8685913,275.0033,279.89502,0.0,0.0,0.0,0.0,3.5999988e-12,111761.0
2025-01-03 11:00:00,-2.0937347,-1.9549103,274.58752,279.62018,0.0,0.0,0.0,0.0,3.5999988e-12,106300.0
2025-01-03 12:00:00,-2.0727386,-1.8338165,274.30328,279.1266,0.0,0.0,0.0,0.0,3.5999988e-12,101003.0
2025-01-03 13:00:00,-2.0867004,-1.7844086,274.15497,279.3485,0.0,0.0,0.0,0.0,3.5999988e-12,94356.0
2025-01-03 14:00:00,-1.9851685,-1.2965393,274.07153,277.74426,0.0,0.0,0.0,0.0,3.5999988e-12,79923.0
2025-01-03 15:00:00,-1.6703339,-1.1938324,274.1306,277.7693,0.0,0.0,0.0,0.0,3.5999988e-12,64818.0
2025-01-03 16:00:00,-1.3842468,-1.4419098,273.97375,277.22986,0.0,0.0,0.0,0.0,3.5999988e-12,48768.0
2025-01-03 17:00:00,-1.4507599,-1.4506531,273.84027,276.39734,0.0,0.0,0.0,0.0,3.5999988e-12,38491.0
2025-01-03 18:00:00,-1.4624176,-1.7990723,273.81567,276.14624,0.96206665,0.0,0.26882935,0.0,3.5999988e-12,36555.0
2025-01-03 19:00:00,-1.3480377,-1.7649536,273.91068,276.26135,1.0,0.0,0.8204956,0.0,3.5999988e-12,46285.0
2025-01-03 20:00:00,-1.4602814,-1.1987762,274.44754,276.50806,1.0,0.0,0.8567505,0.0,3.5999988e-12,34911.0
2025-01-03 21:00:00,-1.559494,-0.85469055,274.82758,277.01184,0.8076782,0.0,0.9211426,0.0,3.5999988e-12,38267.0
2025-01-03 22:00:00,-1.8037109,-0.49583435,274.73187,277.5603,0.11645508,0.0,0.46426392,0.0,3.5999988e-12,40989.0
2025-01-03 23:00:00,-2.6185608,-0.6807556,274.33084,276.98035,0.0,0.0,0.34753418,0.0,256.0,31769.0
2025-01-04 00:00:00,-2.1190796,-0.02178955,275.18988,278.61438,0.0,0.0,0.77001953,0.0,194240.0,15812.0
2025-01-04 01:00:00,-2.183075,0.67596436,275.2051,279.22412,0.0,0.0,0.3980713,0.0,702400.0,-78706.0
2025-01-04 02:00:00,-2.4852448,1.9929047,273.724,283.2124,0.0,0.0,0.15457153,0.0,1185408.0,-249195.0
2025-01-04 03:00:00,-2.138565,2.705368,273.60345,283.59656,0.0,0.0,0.06185913,0.0,1591104.0,-414030.0
2025-01-04 04:00:00,-1.927597,3.0187836,273.4721,284.0542,0.0,0.0,0.04333496,0.0,1853184.0,-511956.0
2025-01-04 05:00:00,-1.8269196,2.9224243,273.4287,285.6626,0.0,0.0031433105,0.0,0.0,1847680.0,-517498.0
2025-01-04 06:00:00,-1.9627838,2.7410278,273.39783,285.5077,0.52627563,0.013946533,0.15618896,0.0,1631872.0,-428419.0
2025-01-04 07:00:00,-2.1806183,2.8733063,273.67908,285.28662,0.88153076,0.0062561035,0.107940674,0.0,1202752.0,-265623.0
2025-01-04 08:00:00,-2.5647888,2.3260956,275.11548,283.80664,0.9830322,0.0062561035,0.0,0.0,633664.0,-66389.0
2025-01-04 09:00:00,-2.2811737,1.5103912,275.65363,283.39026,0.9570923,0.0,0.0,0.0,152960.0,74973.0
2025-01-04 10:00:00,-2.348709,1.5601654,276.21893,281.64124,0.99383545,0.0,0.0,0.0,3.5999988e-12,92659.0
2025-01-04 11:00:00,-2.3886871,1.9970703,276.35388,281.4834,1.0,0.0,0.0,0.0,3.5999988e-12,102033.0
2025-01-04 12:00:00,-2.0532074,2.3471985,276.39062,281.552,0.9530029,0.0,0.013122559,0.0,3.5999988e-12,106459.0
2025-01-04 13:00:00,-1.6099701,2.5969696,276.52094,281.7918,0.091796875,0.0,0.0138549805,0.0,3.5999988e-12,107488.0
2025-01-04 14:00:00,-1.2602997,2.6400146,276.9934,280.9314,0.6697693,0.0,0.05935669,0.0,3.5999988e-12,125583.0
2025-01-04 15:00:00,-1.0896759,2.761856,277.57098,281.2426,0.9877014,0.0,0.21124268,0.0,3.5999988e-12,117909.0
2025-01-04 16:00:00,-0.808609,3.0525665,277.7422,281.54822,0.9961548,0.0,0.26870728,0.0,3.5999988e-12,115249.0
2025-01-04 17:00:00,-0.58677673,3.4785767,278.2337,282.2962,1.0,0.0,0.7572632,0.0,3.5999988e-12,106433.0
2025-01-04 18:00:00,0.19770813,3.239685,278.10553,282.55676,0.9909363,0.0,0.589447,0.0,3.5999988e-12,94697.0
2025-01-04 19:00:00,1.0593414,2.1801453,277.88684,281.9851,1.0,0.07131958,0.31103516,0.0,3.5999988e-12,74788.0
2025-01-04 20:00:00,1.7711334,1.0236206,277.9217,281.38483,1.0,0.43118286,0.6222229,1.4305115e-06,3.5999988e-12,65112.0
2025-01-04 21:00:00,2.0701904,-0.06803894,277.7185,280.94348,0.99697876,0.27313232,0.94696045,7.1525574e-06,3.5999988e-12,48931.0
2025-01-04 22:00:00,1.3801575,-0.22613525,277.59442,280.50214,1.0,0.10583496,0.9788208,8.583069e-06,3.5999988e-12,32301.0
2025-01-04 23:00:00,1.3314819,-0.3871765,277.52643,280.27002,1.0,0.0,1.0,9.536743e-06,128.0,19313.0
2025-01-05 00:00:00,1.8222351,-0.835083,277.62708,280.4991,0.9656067,0.0,0.9874878,1.04904175e-05,87424.0,10443.0
2025-01-05 01:00:00,1.789444,-1.0190582,277.63116,280.6859,0.30975342,0.0,0.71206665,1.8119812e-05,387904.0,-65678.0
2025-01-05 02:00:00,1.8521729,-0.7677307,277.62033,283.14594,0.0030212402,0.0,0.36663818,1.1444092e-05,689344.0,-141019.0
2025-01-05 03:00:00,2.2021332,-0.93125916,277.36633,284.14368,0.0,0.0,0.14675903,1.9073486e-06,1472256.0,-383149.0
2025-01-05 04:00:00,2.4953308,-0.84872437,277.35553,284.59558,0.0,0.0,0.10952759,0.0,1487168.0,-387010.0
2025-01-05 05:00:00,2.8587036,-0.6214905,276.20435,285.99146,0.0,0.025756836,0.109802246,0.0,1575040.0,-423454.0
2025-01-05 06:00:00,3.6210632,-0.7239075,276.17664,286.58875,0.0,0.19439697,0.0060424805,0.0,1527040.0,-385932.0
2025-01-05 07:00:00,3.9697418,-0.9912567,276.0199,286.51318,0.0,0.32385254,0.0,0.0,1160384.0,-209981.0
2025-01-05 08:00:00,3.420639,-0.9506531,276.37268,285.00934,0.0,0.3387146,0.0,0.0,631040.0,-38055.0
2025-01-05 09:00:00,2.253891,-0.3100891,276.15906,284.38947,0.0,0.12893677,0.0,0.0,182720.0,94331.0
2025-01-05 10:00:00,2.1067505,0.32040405,276.22693,281.47498,0.0,0.0,0.0,0.0,64.0,87603.0
2025-01-05 11:00:00,2.2480621,0.22283936,276.19385,280.2942,0.0,0.0,0.0,0.0,3.5999988e-12,73646.0
2025-01-05 12:00:00,2.2419586,0.01838684,276.13916,279.6471,0.0,0.0,0.0,0.0,3.5999988e-12,69721.0
2025-01-05 13:00:00,2.1141815,0.059829712,276.14008,279.44897,0.0,0.0,0.0,0.0,3.5999988e-12,69130.0
2025-01-05 14:00:00,2.107895,0.2763977,276.0777,278.98865,0.0,0.0,0.0,0.0,3.5999988e-12,73752.0
2025-01-05 15:00:00,2.2756348,0.6536102,276.13678,279.1665,0.0,0.0,0.0,0.0,3.5999988e-12,82007.0
2025-01-05 16:00:00,2.801117,0.74168396,276.229,279.68005,0.0,0.0,0.0,0.0,3.5999988e-12,100002.0
2025-01-05 17:00:00,3.4871826,0.49536133,276.02032,279.72632,0.0,0.0,0.0,0.0,3.5999988e-12,122006.0
2025-01-05 18:00:00,4.0802155,-0.091674805,276.0227,280.00616,0.0,0.0,0.0,0.0,3.5999988e-12,141118.0
2025-01-05 19:00:00,4.577484,-1.1186523,276.04858,280.28766,0.0,0.0,0.0,0.0,3.5999988e-12,167067.0
2025-01-05 20:00:00,4.558655,-2.3064423,275.84845,279.70227,0.0,0.0,0.0,0.0,3.5999988e-12,177504.0
2025-01-05 21:00:00,3.7876434,-2.9463196,275.92505,279.68463,0.0,0.0,0.0,0.0,3.5999988e-12,163382.0
2025-01-05 22:00:00,2.9025269,-2.760147,274.73364,278.75354,0.0,0.0,0.0,0.0,3.5999988e-12,143059.0
2025-01-05 23:00:00,2.5633392,-2.7855225,273.90002,278.2126,0.0,0.0,0.0,0.0,192.0,131459.0
2025-01-06 00:00:00,2.683426,-2.9515228,273.75354,278.57312,0.0,0.0,0.0,0.0,216896.0,48564.0
2025-01-06 01:00:00,2.2827148,-3.0266266,273.87622,279.21722,0.0,0.0,0.0,0.0,765120.0,-150786.0
2025-01-06 02:00:00,1.9078369,-3.4539337,273.69348,283.0368,0.0,0.0,0.0,0.0,1305408.0,-366112.0
2025-01-06 03:00:00,1.3593292,-3.8628235,272.53552,283.4624,0.0,0.0,0.0,0.0,1706176.0,-527392.0
2025-01-06 04:00:00,1.5635071,-3.86792,272.04846,283.83374,0.0,0.0076904297,0.0,0.0,1906816.0,-605678.0
2025-01-06 05:00:00,2.354782,-3.6763916,269.69604,284.735,0.0,0.026947021,0.0,0.0,1897152.0,-594061.0
2025-01-06 06:00:00,2.5956726,-3.8561096,269.25244,284.58997,0.0,0.015960693,0.0,0.0,1608256.0,-463123.0
2025-01-06 07:00:00,2.7020874,-4.133255,269.03394,284.6422,0.0,0.049957275,0.07241821,0.0,1261696.0,-257816.0
2025-01-06 08:00:00,1.7773285,-3.7606812,269.386,282.92065,0.0,0.043304443,0.055267334,0.0,731392.0,-42984.0
2025-01-06 09:00:00,0.3516388,-2.8214111,270.49463,282.21326,0.0,0.0,0.03314209,0.0,210688.0,113049.0
2025-01-06 10:00:00,-0.021621704,-2.607605,271.49927,280.05206,0.0,0.0,0.026031494,0.0,128.0,109165.0
2025-01-06 11:00:00,-0.5993347,-2.6355133,272.92505,279.7257,0.0,0.0,0.016052246,0.0,3.5999988e-12,95772.0
2025-01-06 12:00:00,-0.7095642,-2.5128174,274.39624,279.77502,0.0,0.0,0.0,0.0,3.5999988e-12,94141.0
2025-01-06 13:00:00,-0.5448303,-2.4385834,274.39343,279.06958,0.0,0.0,0.0,0.0,3.5999988e-12,86132.0
2025-01-06 14:00:00,-0.025054932,-2.4616241,274.11316,277.60577,0.01852417,0.0,0.0,0.0,3.5999988e-12,78320.0
2025-01-06 15:00:00,0.035110474,-2.7285614,273.93335,277.49902,0.07168579,0.0,0.0,0.0,3.5999988e-12,77352.0
2025-01-06 16:00:00,0.13038635,-3.0011902,273.7846,277.48145,0.17828369,0.0,0.017089844,0.0,3.5999988e-12,83951.0
2025-01-06 17:00:00,0.5997772,-2.9079742,273.30017,277.1034,0.20062256,0.0,0.03414917,0.0,3.5999988e-12,80847.0
2025-01-06 18:00:00,0.9712372,-2.6134796,273.27722,276.8896,0.0,0.0,0.0,0.0,3.5999988e-12,73896.0
2025-01-06 19:00:00,1.422699,-2.489273,273.3722,276.7527,0.31515503,0.0,0.02645874,0.0,3.5999988e-12,63241.0
2025-01-06 20:00:00,1.5825348,-2.2720337,273.08655,275.88293,1.0,0.0,0.0,0.0,3.5999988e-12,62960.0
2025-01-06 21:00:00,1.8622131,-2.24292,272.75635,275.93347,0.91400146,0.0,0.0,0.0,3.5999988e-12,51406.0
2025-01-06 22:00:00,1.5632477,-2.1759796,271.88483,276.17346,0.9568176,0.0,0.039733887,0.0,3.5999988e-12,60879.0
2025-01-06 23:00:00,1.6322174,-2.4523163,271.66486,276.14954,0.966156,0.0,0.21054077,0.0,192.0,71404.0
2025-01-07 00:00:00,1.6817322,-2.433075,270.5166,276.1797,1.0,0.0,0.0069885254,0.0,175232.0,6019.0
2025-01-07 01:00:00,1.5898895,-2.1492004,270.05078,276.55676,1.0,0.0,0.0,0.0,616960.0,-141212.0
2025-01-07 02:00:00,1.4451141,-2.4536133,270.38135,279.76617,1.0,0.0,0.016967773,0.0,1088704.0,-323026.0
2025-01-07 03:00:00,0.8991089,-2.3639526,270.32947,279.99677,0.98687744,0.0,0.0030212402,0.0,1464960.0,-456087.0
2025-01-07 04:00:00,1.2144775,-1.7658844,269.54028,280.5882,0.8718567,0.0,0.14907837,0.0,1792448.0,-566429.0
2025-01-07 05:00:00,1.7142792,-1.4264679,267.3894,281.79022,0.93917847,0.0,0.74368286,0.0,1649920.0,-482070.0
2025-01-07 06:00:00,2.0703735,-1.2880859,266.208,281.92297,0.9700012,0.0,0.88571167,0.0,1469184.0,-414470.0
2025-01-07 07:00:00,2.3237152,-0.8023224,265.3252,281.84436,0.9390564,0.0,0.89282227,0.0,709440.0,-161157.0
2025-01-07 08:00:00,2.2407837,-0.32803345,265.7954,280.90326,0.9518738,0.0,0.90457153,0.0,554304.0,-83310.0
2025-01-07 09:00:00,1.6860046,0.027557373,267.36646,280.16425,0.97314453,0.0,0.03326416,0.0,166976.0,35145.0
2025-01-07 10:00:00,1.6966248,-0.01864624,268.60388,277.38794,0.96383667,0.0,0.0,0.0,192.0,31379.0
2025-01-07 11:00:00,1.9477692,0.16525269,268.42468,277.07178,0.9809265,0.0,0.0,0.0,3.5999988e-12,40974.0
2025-01-07 12:00:00,1.9386597,0.4908142,268.54553,276.90967,0.98605347,0.0,0.0,0.0,3.5999988e-12,47432.0
2025-01-07 13:00:00,1.9602203,0.3691101,268.52246,276.4359,0.9760437,0.0,0.0,0.0,3.5999988e-12,48165.0
2025-01-07 14:00:00,2.0658722,0.17277527,268.88983,274.56702,0.96603394,0.0,0.0,0.0,3.5999988e-12,39973.0
2025-01-07 15:00:00,2.1168823,0.31048584,269.0746,274.17114,1.0,0.0,0.0,0.0,3.5999988e-12,26705.0
2025-01-07 16:00:00,2.062317,0.26086426,269.11572,273.9702,0.9909363,0.0,0.0,0.0,3.5999988e-12,19692.0
2025-01-07 17:00:00,1.944046,0.109939575,269.59167,273.33374,0.9555969,0.0,0.0,0.0,3.5999988e-12,16464.0
2025-01-07 18:00:00,2.028366,0.31285095,269.42902,272.71948,0.7883301,0.0,0.0,0.0,3.5999988e-12,11143.0
2025-01-07 19:00:00,2.2607727,0.21903992,269.5318,272.72705,0.02456665,0.0,0.0,0.0,3.5999988e-12,9702.0
2025-01-07 20:00:00,2.3081207,0.09461975,269.9024,272.79517,0.0,0.0,0.0,0.0,3.5999988e-12,7595.0
2025-01-07 21:00:00,2.2730713,0.22612,269.94055,272.8235,0.0,0.0,0.13302612,0.0,3.5999988e-12,5651.0
2025-01-07 22:00:00,2.234665,-0.11553955,270.64392,274.07874,0.0,0.0,0.08883667,0.0,3.5999988e-12,4216.0
2025-01-07 23:00:00,1.6528625,0.489563,270.5249,274.18213,0.0,0.0,0.02722168,0.0,192.0,2772.0
2025-01-08 00:00:00,1.1773834,0.9946289,270.9447,274.52722,0.0,0.0,0.04837036,0.0,202240.0,-6295.0
2025-01-08 01:00:00,1.3547058,0.6356201,270.16528,276.02087,0.0,0.0,0.0819397,0.0,764736.0,-98229.0
2025-01-08 02:00:00,1.5692902,0.66682434,268.7284,280.8824,0.0,0.0,0.045654297,0.0,1318080.0,-259661.0
2025-01-08 03:00:00,1.8564758,1.3176727,268.27795,281.39484,0.0,0.0,0.2508545,0.0,1726208.0,-412353.0
2025-01-08 04:00:00,2.5463867,1.0900421,268.3877,281.69406,0.0,0.0,0.24945068,0.0,1932416.0,-501226.0
2025-01-08 05:00:00,3.2835846,0.5123596,267.33734,283.34473,0.061584473,0.0,0.13238525,0.0,1932608.0,-506628.0
2025-01-08 06:00:00,3.6290436,-0.21296692,267.19067,283.57532,0.2861023,0.0,0.38970947,0.0,1711872.0,-417224.0
2025-01-08 07:00:00,3.7452087,-0.7455902,266.98035,283.5113,0.85369873,0.0,0.87249756,0.0,1258496.0,-236853.0
2025-01-08 08:00:00,3.1703033,-0.902771,268.5968,282.3967,0.6418457,0.0,0.74554443,0.0,649472.0,-23352.0
2025-01-08 09:00:00,2.2858734,-0.7494354,268.9945,281.6013,0.0,0.0,0.95010376,0.0,205120.0,102299.0
2025-01-08 10:00:00,1.9716644,-0.7897339,269.38232,279.7093,0.0,0.0,0.16577148,0.0,384.0,105973.0
2025-01-08 11:00:00,1.9810638,-0.71125793,269.23584,279.85468,0.0,0.0,0.23947144,0.0,3.5999988e-12,98190.0
2025-01-08 12:00:00,1.7629395,-1.7460175,269.46326,279.6996,0.0,0.0,0.0,0.0,3.5999988e-12,106961.0
2025-01-08 13:00:00,0.86128235,-4.104645,271.01,279.45282,0.0,0.0,0.0,0.0,3.5999988e-12,135160.0
2025-01-08 14:00:00,0.05218506,-5.0380707,272.83008,278.04724,0.0,0.0038452148,0.0,0.0,3.5999988e-12,147165.0
2025-01-08 15:00:00,0.13327026,-4.8396606,273.55225,277.7021,0.045959473,0.018432617,0.0,0.0,3.5999988e-12,133844.0
2025-01-08 16:00:00,0.57681274,-4.563919,273.0857,277.47485,0.052215576,0.045074463,0.0,0.0,3.5999988e-12,125337.0
2025-01-08 17:00:00,0.87605286,-4.526306,271.56934,276.6717,0.019500732,0.0,0.0,0.0,3.5999988e-12,113474.0
2025-01-08 18:00:00,1.1181335,-4.1940155,270.73743,276.31537,0.12823486,0.0,0.0093688965,0.0,3.5999988e-12,108489.0
2025-01-08 19:00:00,1.4751587,-3.8122253,270.4585,276.11,0.27401733,0.0,0.024047852,0.0,3.5999988e-12,86030.0
2025-01-08 20:00:00,1.8165131,-3.7120667,269.94507,275.44366,0.0,0.0,0.0,0.0,3.5999988e-12,87249.0
2025-01-08 21:00:00,2.1428528,-3.8258057,269.85144,275.1526,0.0,0.0115356445,0.0,0.0,3.5999988e-12,92146.0
2025-01-08 22:00:00,2.6735077,-2.7369843,269.3423,274.729,0.0,0.07312012,0.0,0.0,3.5999988e-12,89106.0
2025-01-08 23:00:00,2.743393,-3.0055695,269.86438,274.7047,0.0,0.06460571,0.0,0.0,128.0,86019.0
2025-01-09 00:00:00,2.9956207,-3.3252869,270.02747,275.14148,0.0,0.026123047,0.0,0.0,206528.0,-7502.0
2025-01-09 01:00:00,3.0151672,-4.232315,270.20312,275.51672,0.0,0.0,0.0,0.0,687168.0,-221743.0
2025-01-09 02:00:00,2.6292114,-4.732849,269.2981,277.53345,0.0,0.24359131,0.0,0.0,1296192.0,-525644.0
2025-01-09 03:00:00,2.5725708,-4.999649,268.65735,277.8139,0.19238281,0.23782349,0.0,0.0,1653504.0,-725410.0
2025-01-09 04:00:00,2.4021149,-5.520294,267.98242,277.8465,0.16522217,0.18704224,0.0,0.0,1771968.0,-789948.0
2025-01-09 05:00:00,2.425949,-5.571167,266.74805,278.48157,0.26660156,0.10623169,0.0,0.0,1887616.0,-844362.0
2025-01-09 06:00:00,2.3731384,-5.745041,266.59094,278.4389,0.8825989,0.086242676,0.0,0.0,1644160.0,-721563.0
2025-01-09 07:00:00,1.9081116,-6.120575,266.26746,278.2881,0.9961548,0.088531494,0.0,0.0,1270848.0,-515449.0
2025-01-09 08:00:00,1.624588,-6.0568695,265.33423,276.93793,1.0,0.13745117,0.23886108,0.0,649536.0,-248675.0
2025-01-09 09:00:00,1.324234,-5.5801544,265.2356,276.70242,1.0,0.18496704,0.9387207,0.0,156928.0,-35230.0
2025-01-09 10:00:00,0.8974762,-4.905075,264.91125,275.5075,1.0,0.2779541,1.0,0.0,448.0,18372.0
2025-01-09 11:00:00,1.0608215,-5.2070465,264.6786,275.36688,1.0,0.22711182,0.9968567,0.0,3.5999988e-12,15234.0
2025-01-09 12:00:00,1.572403,-5.3969574,264.89514,275.05457,1.0,0.2602234,1.0,0.0,3.5999988e-12,9812.0
2025-01-09 13:00:00,1.928482,-5.633301,264.71973,275.10742,0.99313354,0.47808838,0.97073364,0.0,3.5999988e-12,1486.0
2025-01-09 14:00:00,2.3751068,-5.3622894,263.91846,274.51123,0.99697876,0.6034241,0.99313354,0.0,3.5999988e-12,4365.0
2025-01-09 15:00:00,2.7633972,-4.622864,263.89575,274.42432,1.0,0.7114868,0.9930115,0.0,3.5999988e-12,20204.0
2025-01-09 16:00:00,3.0972748,-4.058655,263.72217,274.34766,1.0,0.8323059,0.97280884,0.0,3.5999988e-12,6708.0
2025-01-09 17:00:00,3.2586517,-3.7000732,264.0952,273.60413,1.0,0.79345703,0.9076233,0.0,3.5999988e-12,12104.0
2025-01-09 18:00:00,3.3303528,-3.6193542,264.2633,273.30334,0.68722534,0.729126,0.61483765,0.0,3.5999988e-12,45173.0
2025-01-09 19:00:00,3.4124146,-3.4368896,264.50012,273.0974,0.04473877,0.5819702,0.086120605,0.0,3.5999988e-12,29702.0
2025-01-09 20:00:00,3.4568176,-3.5079803,264.88477,272.1759,0.0,0.45077515,0.03353882,0.0,3.5999988e-12,24223.0
2025-01-09 21:00:00,3.2630615,-3.4762878,265.09363,272.07544,0.0,0.21380615,0.019226074,0.0,3.5999988e-12,41023.0
2025-01-09 22:00:00,3.0677795,-3.1771088,265.75305,272.54138,0.0,0.0038452148,0.0,0.0,3.5999988e-12,49186.0
2025-01-09 23:00:00,2.885437,-2.9221497,265.95447,272.3717,0.0,0.0115356445,0.0,0.0,192.0,44266.0
2025-01-10 00:00:00,3.03714,-2.623642,266.3042,272.5144,0.0,0.014556885,0.0030212402,0.0,207808.0,-43855.0
2025-01-10 01:00:00,2.9217224,-2.8587646,267.21155,273.51904,0.0,0.01071167,0.0,0.0,732224.0,-276802.0
2025-01-10 02:00:00,2.5753937,-3.392746,266.5056,276.57968,0.0,0.030792236,0.0,0.0,1260800.0,-516933.0
2025-01-10 03:00:00,1.9387512,-3.7093658,265.82715,277.28976,0.0,0.37579346,0.0,0.0,1689728.0,-702418.0
2025-01-10 04:00:00,2.0839539,-3.535797,265.42114,277.37524,0.0,0.4585266,0.0,0.0,1895232.0,-781869.0
2025-01-10 05:00:00,2.0780945,-3.4905853,264.57617,278.5147,0.0,0.4533081,0.0,0.0,1675584.0,-705604.0
2025-01-10 06:00:00,2.0417633,-3.4964905,264.17236,278.54962,0.0,0.27490234,0.0,0.0,1521216.0,-606556.0
2025-01-10 07:00:00,1.8767548,-3.6001282,263.83276,278.18542,0.0,0.0,0.0,0.0,1314240.0,-467771.0
2025-01-10 08:00:00,1.4888611,-3.5845642,263.78174,277.45944,0.0,0.0,0.0,0.0,800064.0,-206625.0
2025-01-10 09:00:00,1.1781006,-2.5246124,263.61426,277.21594,0.0,0.0,0.0,0.0,243968.0,32609.0
2025-01-10 10:00:00,1.2826233,-1.9969635,265.4984,275.06683,0.0,0.0,0.0,0.0,896.0,71550.0
2025-01-10 11:00:00,0.44548035,-2.0418396,266.4807,274.6842,0.0,0.0,0.0,0.0,3.5999988e-12,48572.0
2025-01-10 12:00:00,-0.06427002,-1.9457703,266.91565,274.48828,0.09384155,0.0,0.0,0.0,3.5999988e-12,33812.0
2025-01-10 13:00:00,-0.056671143,-1.8572388,267.27295,274.04822,0.99697876,0.0,0.0,0.0,3.5999988e-12,31939.0
2025-01-10 14:00:00,0.5374756,-1.5920563,267.33807,272.92102,0.9753113,0.0,0.0,0.0,3.5999988e-12,20932.0
2025-01-10 15:00:00,0.76423645,-1.7364349,267.68384,272.90002,0.9831238,0.0,0.029266357,0.0,3.5999988e-12,15460.0
2025-01-10 16:00:00,1.0001526,-1.6239014,267.8916,272.91504,0.9630127,0.0,0.06954956,0.0,3.5999988e-12,17027.0
2025-01-10 17:00:00,1.1880493,-1.216919,268.02704,272.2693,0.980011,0.0,0.27487183,0.0,3.5999988e-12,20959.0
2025-01-10 18:00:00,1.4449158,-1.1724548,268.2199,272.55847,0.98999023,0.0,0.24282837,0.0,3.5999988e-12,18616.0
2025-01-10 19:00:00,1.3279114,-1.7170105,268.2683,272.67627,0.93847656,0.0,0.25500488,0.0,3.5999988e-12,19953.0
2025-01-10 20:00:00,1.1836853,-2.0231018,268.12292,271.97388,0.9479065,0.0,0.7720032,0.0,3.5999988e-12,24986.0
2025-01-10 21:00:00,1.2206116,-1.9647522,267.3932,271.52173,0.38391113,0.0,0.77752686,0.0,3.5999988e-12,26029.0
2025-01-10 22:00:00,1.3017578,-0.6661072,267.81696,272.45422,0.07891846,0.0,0.33309937,0.0,3.5999988e-12,19438.0
2025-01-10 23:00:00,1.7774658,-0.8322449,267.90656,272.09814,0.0,0.0,0.14251709,0.0,192.0,11833.0
2025-01-11 00:00:00,2.0973206,-0.85043335,268.12152,272.99292,0.0,0.0,0.29190063,0.0,220416.0,-3893.0
2025-01-11 01:00:00,2.0803375,-0.79959106,265.39648,273.60754,0.68826294,0.0,0.7602844,0.0,760512.0,-157505.0
2025-01-11 02:00:00,2.1876678,-0.96443176,262.86438,277.11337,0.9250488,0.0,0.49554443,0.0,1211712.0,-336801.0
2025-01-11 03:00:00,2.5303497,-1.0483398,262.17188,277.6104,0.97195435,0.0,0.79067993,0.0,1410240.0,-434733.0
2025-01-11 04:00:00,2.678421,-0.8158722,262.05432,277.73886,0.99697876,0.0,0.7248535,0.0,1240896.0,-389291.0
2025-01-11 05:00:00,3.2045746,-1.333664,260.26685,278.98608,0.9567261,0.0,0.9499817,0.0,1261696.0,-407322.0
2025-01-11 06:00:00,3.486496,-1.4177856,260.9071,278.84082,0.96655273,0.0,0.95391846,0.0,971264.0,-303298.0
2025-01-11 07:00:00,3.3248138,-1.005722,261.15137,278.8562,0.737854,0.0,0.4175415,0.0,863872.0,-242169.0
2025-01-11 08:00:00,2.8677368,-0.6125488,262.2201,278.31598,0.0060424805,0.0,0.12445068,0.0,613696.0,-103825.0
2025-01-11 09:00:00,1.8768158,-0.025299072,262.87695,277.82434,0.0,0.0,0.012084961,0.0,225536.0,48180.0
2025-01-11 10:00:00,2.041977,0.6858368,265.6128,274.6499,0.0,0.0,0.0,0.0,1216.0,45230.0
2025-01-11 11:00:00,2.0684204,1.0038605,265.6961,273.85046,0.0,0.0,0.0,0.0,3.5999988e-12,39663.0
2025-01-11 12:00:00,1.8730469,1.2252655,266.0111,273.22546,0.0,0.0,0.0,0.0,3.5999988e-12,30742.0
2025-01-11 13:00:00,1.3470001,1.6801605,265.89478,273.2306,0.0,0.0,0.0,0.0,3.5999988e-12,23870.0
2025-01-11 14:00:00,1.0713806,1.8400879,266.42834,273.05713,0.0,0.0,0.0,0.0,3.5999988e-12,23434.0
2025-01-11 15:00:00,1.3667145,1.9605103,266.53125,272.5935,0.0,0.0,0.0,0.0,3.5999988e-12,29926.0
2025-01-11 16:00:00,1.4638367,2.214096,266.51294,272.95776,0.0,0.0,0.08300781,0.0,3.5999988e-12,48336.0
2025-01-11 17:00:00,1.695343,2.6059723,266.8368,273.59912,0.0,0.0,0.23132324,0.0,3.5999988e-12,83565.0
2025-01-11 18:00:00,2.1172485,2.5318604,267.08167,273.69263,0.0,0.0,0.03945923,0.0,3.5999988e-12,112768.0
2025-01-11 19:00:00,2.32135,2.059311,267.76184,273.67578,0.0,0.0,0.0031433105,0.0,3.5999988e-12,129259.0
2025-01-11 20:00:00,2.412918,1.6164856,268.22913,273.67078,0.0,0.0,0.01083374,0.0,3.5999988e-12,113975.0
2025-01-11 21:00:00,2.2440796,1.1193542,268.20544,273.44873,0.0,0.0,0.43426514,0.0,3.5999988e-12,97754.0
2025-01-11 22:00:00,2.631073,1.0387573,268.75244,273.64783,0.0,0.0,0.6539917,0.0,3.5999988e-12,77232.0
2025-01-11 23:00:00,2.7566528,1.0788574,268.59827,274.1864,0.0,0.0,0.768219,0.0,192.0,67286.0
2025-01-12 00:00:00,3.6584778,0.9791107,268.80548,274.9745,0.0,0.0,0.6777344,0.0,181184.0,19657.0
2025-01-12 01:00:00,3.669754,0.2715454,268.48828,275.62,0.0,0.0,0.7212219,0.0,729216.0,-103630.0
2025-01-12 02:00:00,4.0637054,-0.4346161,268.83777,280.53113,0.0,0.0,0.77597046,0.0,1296640.0,-308260.0
2025-01-12 03:00:00,4.277176,-1.2736053,269.48773,281.48657,0.0,0.0,0.42053223,0.0,1709248.0,-481288.0
2025-01-12 04:00:00,4.443802,-1.8963013,269.62067,281.9718,0.0,0.0,0.10458374,0.0,1937856.0,-583438.0
2025-01-12 05:00:00,4.063629,-2.4303284,268.70007,283.10693,0.0,0.0,0.012084961,0.0,1946816.0,-578247.0
2025-01-12 06:00:00,3.5697784,-2.7436218,268.6139,283.3413,0.0,0.0030212402,0.05441284,0.0,1739072.0,-479531.0
2025-01-12 07:00:00,3.0110931,-2.7008667,268.51697,283.38867,0.0,0.030548096,0.0060424805,0.0,1349888.0,-318352.0
2025-01-12 08:00:00,2.1706238,-2.2734985,268.22217,281.84967,0.0,0.0069885254,0.0,0.0,814336.0,-82532.0
2025-01-12 09:00:00,0.665329,-1.7852325,270.68494,280.37878,0.0,0.0,0.0,0.0,257984.0,72884.0
2025-01-12 10:00:00,0.30589294,-2.0527496,270.7328,277.2765,0.0,0.0,0.0,0.0,1664.0,43261.0
2025-01-12 11:00:00,-1.4281769,-1.9246674,271.3371,276.84302,0.0,0.0,0.0,0.0,3.5999988e-12,46034.0
2025-01-12 12:00:00,-2.2230225,-1.1169281,271.5487,276.99976,0.0,0.0,0.0,0.0,3.5999988e-12,78936.0
2025-01-12 13:00:00,-2.2010498,-0.5848999,271.53546,276.25195,0.0,0.0,0.0,0.0,3.5999988e-12,97251.0
2025-01-12 14:00:00,-2.1730194,-0.0572052,271.5016,274.92322,0.0,0.0,0.0,0.0,3.5999988e-12,71516.0
2025-01-12 15:00:00,-2.116684,0.3154602,271.71674,275.79553,0.0,0.0,0.0,0.0,3.5999988e-12,49008.0
2025-01-12 16:00:00,-2.1052246,0.6151581,271.44318,275.49866,0.0,0.0,0.0,0.0,3.5999988e-12,44828.0
2025-01-12 17:00:00,-2.157837,1.2761841,271.2741,274.4353,0.0,0.0,0.0,0.0,3.5999988e-12,38717.0
2025-01-12 18:00:00,-1.8185272,2.1618195,270.99152,274.36304,0.0,0.0,0.0,0.0,3.5999988e-12,26345.0
2025-01-12 19:00:00,-0.7498627,2.6038513,271.0437,274.24194,0.0,0.0,0.0,0.0,3.5999988e-12,42539.0
2025-01-12 20:00:00,-0.075668335,2.467987,271.00946,273.54077,0.0,0.0,0.0,0.0,3.5999988e-12,49105.0
2025-01-12 21:00:00,-0.03414917,2.366516,271.13538,273.66626,0.0,0.0,0.0,0.0,3.5999988e-12,54095.0
2025-01-12 22:00:00,0.8038025,2.65773,272.93622,275.35352,0.0,0.0,0.0,0.0,3.5999988e-12,60031.0
2025-01-12 23:00:00,0.3914795,2.8187256,272.99817,275.33154,0.0,0.0,0.0,0.0,192.0,60038.0
2025-01-13 00:00:00,0.118927,2.5723724,273.73706,275.99805,0.0,0.0,0.0,0.0,220608.0,45116.0
2025-01-13 01:00:00,0.3483429,2.6581726,273.82654,277.10095,0.0,0.0,0.0,0.0,776064.0,-68252.0
2025-01-13 02:00:00,0.6977539,3.0892487,272.53247,282.68066,0.0,0.0,0.0,0.0,1324608.0,-245219.0
2025-01-13 03:00:00,1.167984,3.0191498,271.2118,283.05743,0.0,0.0,0.0,0.0,1737984.0,-399605.0
2025-01-13 04:00:00,1.6362305,2.4022827,271.30664,283.1228,0.0,0.0,0.0,0.0,1961088.0,-484276.0
2025-01-13 05:00:00,1.7324371,1.8581085,270.37842,286.43896,0.0,0.0,0.0,0.0,1968704.0,-481159.0
2025-01-13 06:00:00,1.344284,1.4620972,270.26392,286.47632,0.0,0.0,0.0,0.0,1760896.0,-392467.0
2025-01-13 07:00:00,0.66545105,1.56633,270.40845,286.39282,0.0,0.0,0.0,0.0,1364288.0,-232377.0
2025-01-13 08:00:00,-0.31541443,1.8136902,271.94702,285.011,0.0,0.0,0.0,0.0,824384.0,-56186.0
2025-01-13 09:00:00,-1.016037,2.4520416,272.9873,284.3855,0.0,0.0,0.0,0.0,262080.0,62680.0
2025-01-13 10:00:00,-0.83677673,2.6460419,273.24365,281.05365,0.0,0.0,0.0,0.0,2112.0,128840.0
2025-01-13 11:00:00,-1.1480103,2.5921173,273.67676,280.72906,0.0,0.0,0.0,0.0,3.5999988e-12,141252.0
2025-01-13 12:00:00,-1.0393372,2.6927948,274.02673,280.857,0.0,0.0,0.0,0.0,3.5999988e-12,135798.0
2025-01-13 13:00:00,-0.83314514,2.8643494,274.61157,280.71484,0.0,0.0,0.0,0.0,3.5999988e-12,132685.0
2025-01-13 14:00:00,-0.79122925,2.88768,275.48254,280.03394,0.0,0.0,0.012084961,0.0,3.5999988e-12,131928.0
2025-01-13 15:00:00,-0.782074,2.9943085,275.99854,280.21265,0.0,0.0,0.090148926,0.0,3.5999988e-12,136203.0
2025-01-13 16:00:00,-0.71647644,3.2339783,276.2317,280.41504,0.0,0.0,0.47460938,0.0,3.5999988e-12,148817.0
2025-01-13 17:00:00,-0.65234375,3.1976624,276.19873,280.03882,0.0,0.0,0.58569336,0.0,3.5999988e-12,155571.0
2025-01-13 18:00:00,-0.41674805,2.8017426,276.00232,279.97253,0.0030212402,0.0,0.88974,0.0,3.5999988e-12,154281.0
2025-01-13 19:00:00,-0.1796112,2.4881592,275.8662,280.00818,0.0,0.0,1.0,0.0,3.5999988e-12,109794.0
2025-01-13 20:00:00,-0.24736023,2.2376862,275.83386,279.28406,0.0,0.0,0.96884155,0.0,3.5999988e-12,80679.0
2025-01-13 21:00:00,-0.2962036,2.0405273,275.76868,279.0675,0.0,0.0,0.97268677,0.0,3.5999988e-12,66277.0
2025-01-13 22:00:00,-0.073135376,2.0306702,276.70642,279.55786,0.0,0.0,0.85894775,0.0,3.5999988e-12,64940.0
2025-01-13 23:00:00,-0.26664734,2.194641,276.6931,279.60034,0.0,0.0,0.9306946,0.0,192.0,68791.0
2025-01-14 00:00:00,-0.49186707,1.5875244,276.7362,279.6892,0.0,0.0,0.9022827,0.0,179520.0,43435.0
2025-01-14 01:00:00,-0.5403137,1.381546,276.349,279.89124,0.0,0.0,0.6759949,0.0,678720.0,-73925.0
2025-01-14 02:00:00,-0.21376038,1.5795288,277.3817,285.46387,0.0,0.0,0.72262573,0.0,1181248.0,-230883.0
2025-01-14 03:00:00,-0.13438416,1.8102112,276.797,285.42383,0.0,0.0,0.78897095,0.0,1311424.0,-263882.0
2025-01-14 04:00:00,-0.14808655,1.5364075,276.56506,285.5918,0.0,0.0,0.78948975,0.0,1465536.0,-327267.0
2025-01-14 05:00:00,0.1822815,1.1813507,275.92737,288.0349,0.019989014,0.0,0.8883667,0.0,1562688.0,-323658.0
2025-01-14 06:00:00,0.20996094,0.9096527,276.0697,288.51318,0.0031433105,0.0,0.90789795,0.0,1150208.0,-200250.0
2025-01-14 07:00:00,0.11305237,0.6542511,275.90942,288.40698,0.0,0.0,0.8859253,0.0,739456.0,-71452.0
2025-01-14 08:00:00,0.21772766,0.094055176,276.30896,287.05505,0.0869751,0.0,0.8999939,0.0,635648.0,-35197.0
2025-01-14 09:00:00,0.03567505,-1.2112885,277.98157,286.76514,0.17733765,0.0,0.9529114,0.0,201088.0,24127.0
2025-01-14 10:00:00,-0.26176453,-2.405777,277.5631,285.05737,0.14151001,0.0,0.8130188,0.0,2112.0,56954.0
2025-01-14 11:00:00,-0.23968506,-3.8750458,277.76257,284.79443,0.0,0.0,0.49935913,0.0,3.5999988e-12,96130.0
2025-01-14 12:00:00,0.13517761,-5.2845306,276.68018,283.79272,0.15457153,0.0,0.9254761,0.0,3.5999988e-12,113459.0
2025-01-14 13:00:00,0.47123718,-6.5442963,275.47498,282.99036,0.6128845,0.023010254,0.94680786,0.0,3.5999988e-12,95481.0
2025-01-14 14:00:00,0.5009918,-6.920944,275.14575,281.36743,0.59313965,0.013946533,0.9100952,0.0,3.5999988e-12,83315.0
2025-01-14 15:00:00,0.38613892,-7.1714478,275.99683,281.7072,0.5233154,0.030944824,0.9130249,0.0,3.5999988e-12,82191.0
2025-01-14 16:00:00,0.3039856,-7.3496704,275.14124,281.56958,0.054901123,0.059265137,0.9405823,0.0,3.5999988e-12,84913.0
2025-01-14 17:00:00,0.44319153,-7.289551,272.98523,280.20923,0.0030212402,0.036254883,0.97094727,0.0,3.5999988e-12,84297.0
2025-01-14 18:00:00,0.7709656,-7.3173065,273.23938,280.17255,0.0,0.017089844,0.9330139,0.0,3.5999988e-12,67243.0
2025-01-14 19:00:00,1.2754974,-7.2279053,273.80237,279.7439,0.0,0.0031433105,0.93374634,0.0,3.5999988e-12,40033.0
2025-01-14 20:00:00,1.6504669,-6.9775085,272.29187,278.00092,0.0,0.0093688965,0.7046814,0.0,3.5999988e-12,36691.0
2025-01-14 21:00:00,1.9871674,-6.4030914,272.1798,277.85223,0.0,0.0031433105,0.113342285,0.0,3.5999988e-12,67155.0
2025-01-14 22:00:00,2.2883148,-5.397232,268.98828,276.46283,0.0,0.0038452148,0.06448364,0.0,3.5999988e-12,88745.0
2025-01-14 23:00:00,2.8161774,-4.8709564,268.80103,276.04523,0.0,0.0,0.0,0.0,256.0,88157.0
2025-01-15 00:00:00,3.0993805,-4.6193542,267.68896,276.18848,0.0,0.0,0.0,0.0,223808.0,-16701.0
2025-01-15 01:00:00,2.9882507,-5.2450714,267.48755,276.60455,0.0,0.0,0.0,0.0,789888.0,-290650.0
2025-01-15 02:00:00,2.6241913,-5.583069,266.58667,277.94208,0.0,0.04067993,0.0,0.0,1357696.0,-579085.0
2025-01-15 03:00:00,2.5030823,-5.667465,266.8097,278.33832,0.0,0.111328125,0.0,0.0,1751040.0,-786402.0
2025-01-15 04:00:00,2.4481964,-5.4751434,266.8833,278.6006,0.0,0.38308716,0.0,0.0,1894528.0,-868350.0
2025-01-15 05:00:00,2.3838348,-5.3598785,266.1056,279.19385,0.0,0.5430298,0.0,0.0,1915840.0,-909274.0
2025-01-15 06:00:00,2.2035217,-5.2914124,265.87903,279.07416,0.0,0.4257202,0.0,0.0,1637824.0,-782456.0
2025-01-15 07:00:00,2.02211,-5.116028,265.82043,278.7633,0.0,0.32650757,0.0,0.0,1300736.0,-567598.0
2025-01-15 08:00:00,1.6369934,-4.869583,265.33887,277.42944,0.0,0.29141235,0.0,0.0,684096.0,-244309.0
2025-01-15 09:00:00,1.0017548,-3.9001465,265.52832,277.02805,0.0,0.0,0.0,0.0,269760.0,-21485.0
2025-01-15 10:00:00,0.9620209,-2.814392,266.50305,275.5263,0.0,0.006866455,0.0,0.0,3392.0,85198.0
2025-01-15 11:00:00,0.47517395,-2.5127716,267.16492,275.3562,0.0,0.0,0.0,0.0,3.5999988e-12,73165.0
2025-01-15 12:00:00,0.14587402,-2.4494324,267.86786,275.0357,0.0,0.0,0.0,0.0,3.5999988e-12,61798.0
2025-01-15 13:00:00,-0.014175415,-2.0338593,268.33362,274.318,0.0,0.0,0.0,0.0,3.5999988e-12,40720.0
2025-01-15 14:00:00,0.14770508,-1.7371674,267.69928,272.71582,0.0,0.0,0.0,0.0,3.5999988e-12,22457.0
2025-01-15 15:00:00,0.48130798,-1.5805664,267.6026,272.53223,0.0,0.0,0.0,0.0,3.5999988e-12,13495.0
2025-01-15 16:00:00,0.9607849,-1.4355927,267.4431,272.28772,0.0,0.0,0.0,0.0,3.5999988e-12,7716.0
2025-01-15 17:00:00,1.4433899,-1.0358124,267.2707,271.14636,0.0,0.0,0.0,0.0,3.5999988e-12,9272.0
2025-01-15 18:00:00,1.7088318,-0.96647644,267.49963,270.94934,0.0,0.0,0.0,0.0,3.5999988e-12,16629.0
2025-01-15 19:00:00,1.8025665,-1.1663055,267.8734,271.10986,0.025024414,0.0,0.0030212402,0.0,3.5999988e-12,27736.0
2025-01-15 20:00:00,1.6417694,-0.9408722,268.03638,270.33752,0.19351196,0.0,0.03024292,0.0,3.5999988e-12,14890.0
2025-01-15 21:00:00,1.6838531,-0.73931885,267.88684,269.96094,0.0,0.0,0.015106201,0.0,3.5999988e-12,4932.0
2025-01-15 22:00:00,1.953476,-0.7488556,268.4541,271.01758,0.0,0.0,0.0,0.0,3.5999988e-12,8590.0
2025-01-15 23:00:00,1.8386536,-0.45898438,267.99725,270.9076,0.0,0.0,0.0,0.0,320.0,7676.0
2025-01-16 00:00:00,2.3607635,-0.17918396,266.98822,271.78455,0.24160767,0.0,0.0,0.0,238656.0,-19956.0
2025-01-16 01:00:00,2.1246033,-0.1884613,264.18738,272.89282,0.9010315,0.0,0.0,0.0,789568.0,-157487.0
2025-01-16 02:00:00,2.1309662,-0.75579834,260.61462,277.10242,1.0,0.0,0.0,0.0,1248320.0,-330181.0
2025-01-16 03:00:00,2.4490662,-1.13031,260.3385,277.3356,0.93078613,0.0,0.20812988,0.0,1476928.0,-434043.0
2025-01-16 04:00:00,2.765625,-1.1005707,260.7815,277.8128,0.91400146,0.0,0.72753906,0.0,1505856.0,-483717.0
2025-01-16 05:00:00,2.9926147,-1.2465057,261.22803,279.83716,0.77819824,0.0,0.8234558,0.0,1817664.0,-598527.0
2025-01-16 06:00:00,2.9764862,-1.4971161,261.857,279.92346,0.32919312,0.0,0.6336975,0.0,1777472.0,-562189.0
2025-01-16 07:00:00,2.907318,-1.6524963,262.22937,280.17065,0.015106201,0.0,0.10501099,0.0,1335232.0,-383170.0
2025-01-16 08:00:00,2.7812805,-1.52565,263.4497,279.43875,0.0,0.0,0.0,0.0,885376.0,-151017.0
2025-01-16 09:00:00,1.6582336,-0.7966919,265.5995,278.60977,0.0,0.0,0.0,0.0,302016.0,55120.0
2025-01-16 10:00:00,1.9597778,-0.52960205,266.05945,275.4088,0.0,0.0,0.0,0.0,4160.0,57988.0
2025-01-16 11:00:00,2.0178223,-0.1658783,266.31335,274.74243,0.0,0.0,0.0,0.0,3.5999988e-12,56319.0
2025-01-16 12:00:00,2.009491,0.20469666,266.4823,274.30933,0.0,0.0,0.0,0.0,3.5999988e-12,59215.0
2025-01-16 13:00:00,2.1064453,0.41534424,266.4552,273.77563,0.0,0.0,0.0,0.0,3.5999988e-12,49432.0
2025-01-16 14:00:00,2.265274,0.57707214,266.45032,271.66138,0.0,0.0,0.0,0.0,3.5999988e-12,34964.0
2025-01-16 15:00:00,2.3378754,0.590744,266.54846,271.73193,0.0,0.0,0.0,0.0,3.5999988e-12,24132.0
2025-01-16 16:00:00,2.3065186,0.53349304,266.91907,272.27832,0.0,0.0,0.0,0.0,3.5999988e-12,16985.0
2025-01-16 17:00:00,2.3568573,0.26834106,266.9795,271.34155,0.0,0.0,0.0,0.0,3.5999988e-12,14648.0
2025-01-16 18:00:00,2.3912659,-0.1331482,267.01855,271.17554,0.0,0.0,0.0,0.0,3.5999988e-12,13801.0
2025-01-16 19:00:00,2.2908173,-0.5232849,267.151,271.1233,0.0,0.0,0.0,0.0,3.5999988e-12,23585.0
2025-01-16 20:00:00,2.0499115,-0.8836365,267.24316,270.91113,0.0,0.0,0.0,0.0,3.5999988e-12,18112.0
2025-01-16 21:00:00,2.050766,-0.9347229,267.28345,270.81738,0.0,0.0,0.0,0.0,3.5999988e-12,13623.0
2025-01-16 22:00:00,2.1941376,-0.035568237,268.0398,271.62305,0.0,0.0,0.0,0.0,3.5999988e-12,10655.0
2025-01-16 23:00:00,2.071579,0.45822144,268.43042,271.4823,0.0,0.0,0.0,0.0,320.0,6828.0
2025-01-17 00:00:00,1.887619,0.5487671,268.5443,272.68994,0.0,0.0,0.0,0.0,241472.0,-9081.0
2025-01-17 01:00:00,1.232605,0.4073944,267.4568,273.70715,0.0,0.0,0.0,0.0,827264.0,-122894.0
2025-01-17 02:00:00,1.8908997,0.4552307,267.93945,279.95,0.0,0.0,0.0,0.0,1396800.0,-270654.0
2025-01-17 03:00:00,1.7801056,0.0068511963,267.33093,280.62122,0.0,0.0,0.0,0.0,1824448.0,-397394.0
2025-01-17 04:00:00,1.2202148,-0.5835571,265.6349,281.6045,0.0,0.0,0.0,0.0,2057536.0,-488804.0
2025-01-17 05:00:00,0.9126282,-0.94784546,265.14856,283.2671,0.0,0.0,0.0,0.0,2070400.0,-513324.0
2025-01-17 06:00:00,0.56736755,-1.0775299,265.3341,283.44824,0.0,0.0,0.0,0.0,1862208.0,-447002.0
2025-01-17 07:00:00,0.25315857,-0.9395447,265.48926,283.4037,0.0,0.0,0.0,0.0,1451776.0,-286269.0
2025-01-17 08:00:00,-0.62161255,-0.87493896,266.49316,281.86768,0.0,0.0,0.0,0.0,897728.0,-96309.0
2025-01-17 09:00:00,-1.6975555,-0.83862305,268.84155,280.03162,0.0,0.0,0.0,0.0,307200.0,35796.0
2025-01-17 10:00:00,-2.5370026,-0.35801697,269.7052,277.96204,0.0,0.0,0.0,0.0,4864.0,73604.0
2025-01-17 11:00:00,-2.5458374,0.19891357,270.1073,277.85968,0.21237183,0.0,0.0,0.0,3.5999988e-12,103618.0
2025-01-17 12:00:00,-2.0695496,0.5576935,270.33752,276.40527,0.69369507,0.0,0.0,0.0,3.5999988e-12,79745.0
2025-01-17 13:00:00,-2.2765656,0.96421814,270.614,276.71094,0.94854736,0.0,0.0,0.0,3.5999988e-12,46069.0
2025-01-17 14:00:00,-2.2540436,1.2392273,270.53418,276.03198,0.9645996,0.0,0.0,0.0,3.5999988e-12,30808.0
2025-01-17 15:00:00,-2.2243195,1.2041626,270.72375,276.0249,0.84820557,0.0,0.0,0.0,3.5999988e-12,24420.0
2025-01-17 16:00:00,-2.2715302,1.0533905,270.9994,276.06726,0.90145874,0.0,0.0,0.0,3.5999988e-12,21739.0
2025-01-17 17:00:00,-2.3899078,0.9492645,271.2168,275.81775,0.96395874,0.0,0.0,0.0,3.5999988e-12,20697.0
2025-01-17 18:00:00,-2.2205658,1.251709,271.54504,275.5841,0.8336792,0.0,0.0,0.0,3.5999988e-12,17280.0
2025-01-17 19:00:00,-2.0761719,1.1020355,271.49207,275.40796,0.8754883,0.0,0.0,0.0,3.5999988e-12,17884.0
2025-01-17 20:00:00,-2.2093506,0.43476868,271.31555,274.69287,0.89941406,0.0,0.0,0.0,3.5999988e-12,14617.0
2025-01-17 21:00:00,-2.0251312,0.75187683,271.47742,275.08374,0.8517151,0.0,0.0,0.0,3.5999988e-12,15167.0
2025-01-17 22:00:00,-1.7187958,1.5715637,272.09216,274.9635,0.70758057,0.0,0.0,0.0,3.5999988e-12,16436.0
2025-01-17 23:00:00,-2.1936188,1.6522675,272.31287,274.97095,0.35565186,0.0,0.0,0.0,384.0,20590.0
2025-01-18 00:00:00,-1.6213531,1.3880005,273.3352,276.04553,0.0038452148,0.0,0.0,0.0,229248.0,12562.0
2025-01-18 01:00:00,-1.2331085,1.5423126,274.00037,277.04285,0.021911621,0.0,0.0,0.0,815168.0,-82079.0
2025-01-18 02:00:00,-1.5714874,2.556015,273.76562,282.41656,0.3149414,0.0,0.0,0.0,1375168.0,-289257.0
2025-01-18 03:00:00,-1.2108154,3.0276031,272.95605,282.7887,0.54333496,0.0,0.0,0.0,1789440.0,-473812.0
2025-01-18 04:00:00,-0.29452515,3.1150818,272.7506,283.3327,0.08615112,0.0,0.0,0.0,1679552.0,-467716.0
2025-01-18 05:00:00,-0.47418213,3.1209717,272.354,284.97546,0.1642456,0.0,0.0,0.0,1785600.0,-505764.0
2025-01-18 06:00:00,-0.97927856,2.575348,272.11206,285.2107,0.0076904297,0.0,0.0,0.0,1716160.0,-468442.0
2025-01-18 07:00:00,-1.6337433,2.2309875,272.3816,284.71484,0.0,0.0,0.0,0.0,1429440.0,-314159.0
2025-01-18 08:00:00,-2.1387177,2.157669,273.85474,283.417,0.4534607,0.0,0.0,0.0,888256.0,-116444.0
2025-01-18 09:00:00,-2.3044739,1.8414001,275.28394,282.66132,0.47329712,0.0,0.0,0.0,305920.0,65016.0
2025-01-18 10:00:00,-2.054428,1.8305817,276.52466,279.7066,0.5707092,0.0,0.0,0.0,5632.0,129697.0
2025-01-18 11:00:00,-2.0188904,1.7493744,276.85974,279.79102,0.8335571,0.0,0.0,0.0,3.5999988e-12,112780.0
2025-01-18 12:00:00,-1.6611328,1.7056122,276.83948,279.742,0.90493774,0.0,0.0,0.0,3.5999988e-12,93999.0
2025-01-18 13:00:00,-1.4060516,2.0392761,276.9491,280.1311,0.94699097,0.0,0.0,0.0,3.5999988e-12,88581.0
2025-01-18 14:00:00,-1.438736,2.5316467,276.60223,279.5127,0.9399719,0.0,0.0,0.0,3.5999988e-12,91031.0
2025-01-18 15:00:00,-1.1221466,2.669098,276.79303,279.62097,0.88220215,0.0,0.0,0.0,3.5999988e-12,99176.0
2025-01-18 16:00:00,-0.78411865,2.5060425,276.833,279.60413,0.22009277,0.0,0.0031433105,0.0,3.5999988e-12,108665.0
2025-01-18 17:00:00,-0.58428955,2.3635864,276.5896,278.6759,0.0,0.0,0.08364868,0.0,3.5999988e-12,108759.0
2025-01-18 18:00:00,-0.34033203,2.2617493,276.69934,278.7213,0.0,0.0,0.11715698,0.0,3.5999988e-12,93889.0
2025-01-18 19:00:00,-0.081604004,2.4430847,276.68445,278.57373,0.0,0.0,0.13253784,0.0,3.5999988e-12,61356.0
2025-01-18 20:00:00,0.40394592,2.6199799,275.65527,277.2251,0.0,0.0,0.07009888,0.0,3.5999988e-12,41178.0
2025-01-18 21:00:00,1.2371979,2.4640656,275.23022,276.42346,0.0,0.0031433105,0.0030212402,0.0,3.5999988e-12,28674.0
2025-01-18 22:00:00,1.5699005,1.3000946,275.57336,276.44055,0.0,0.31277466,0.0,0.0,3.5999988e-12,19756.0
2025-01-18 23:00:00,1.6121826,1.108078,275.21765,275.7472,0.0,1.0,0.0,0.0,448.0,11162.0
2025-01-19 00:00:00,1.29982,0.7760925,275.47412,275.82654,0.0,1.0,0.0,0.0,208512.0,-24341.0
2025-01-19 01:00:00,1.0693817,0.6269684,275.73633,275.8291,0.0,1.0,0.0,0.0,636480.0,-167368.0
2025-01-19 02:00:00,1.3218536,0.45181274,278.55243,281.44678,0.0,0.8820801,0.0,0.0,1209536.0,-315144.0
2025-01-19 03:00:00,1.6490173,0.06642151,277.05084,282.98584,0.0,0.015411377,0.0,0.0,1770624.0,-455438.0
2025-01-19 04:00:00,2.3188171,-0.35902405,273.72803,283.9342,0.0,0.0,0.0,0.0,2017600.0,-505492.0
2025-01-19 05:00:00,2.5373077,-0.8637085,272.4768,284.43396,0.0,0.0,0.0,0.0,2032960.0,-491011.0
2025-01-19 06:00:00,2.6595917,-1.1219025,271.9668,286.46082,0.0,0.0,0.0,0.0,1832960.0,-400125.0
2025-01-19 07:00:00,2.599228,-1.3224182,271.77856,286.31372,0.0,0.0,0.0,0.0,1431808.0,-250153.0
2025-01-19 08:00:00,1.8940277,-1.4542542,271.65674,286.12708,0.0,0.0,0.0,0.0,892544.0,-49375.0
2025-01-19 09:00:00,1.4165955,-2.0792236,272.60425,285.35095,0.0,0.0,0.0,0.0,313216.0,55835.0
2025-01-19 10:00:00,1.1003723,-1.5125275,272.2483,281.42297,0.0,0.0,0.0,0.0,6592.0,26913.0
2025-01-19 11:00:00,-0.121780396,-0.16197205,271.8335,281.76318,0.0,0.0,0.0,0.0,3.5999988e-12,20867.0
2025-01-19 12:00:00,-0.2102356,0.8511658,272.67236,280.5835,0.0,0.0,0.0,0.0,3.5999988e-12,18661.0
2025-01-19 13:00:00,0.18989563,1.5025024,273.3369,279.78906,0.0,0.0,0.0,0.0,3.5999988e-12,19841.0
2025-01-19 14:00:00,0.95506287,2.1338654,273.70532,278.19556,0.0,0.0,0.0,0.0,3.5999988e-12,20597.0
2025-01-19 15:00:00,1.6241608,2.1479187,273.57312,278.208,0.0,0.0,0.0,0.0,3.5999988e-12,18602.0
2025-01-19 16:00:00,1.8209381,1.6365204,273.40906,278.1848,0.25323486,0.0,0.0,0.0,3.5999988e-12,16175.0
2025-01-19 17:00:00,2.3273926,0.9487915,273.0581,276.74634,0.12387085,0.0,0.0,0.0,3.5999988e-12,15262.0
2025-01-19 18:00:00,2.7070465,0.28555298,272.81616,276.39417,0.0,0.0,0.0,0.0,3.5999988e-12,15235.0
2025-01-19 19:00:00,2.7624207,-0.040008545,272.7035,275.68726,0.0,0.0,0.0,0.0,3.5999988e-12,24286.0
2025-01-19 20:00:00,2.5514832,-0.43260193,272.81238,275.70618,0.0,0.0,0.0,0.0,3.5999988e-12,30072.0
2025-01-19 21:00:00,1.8090668,-1.024704,272.85803,275.32532,0.0,0.0,0.0,0.0,3.5999988e-12,40943.0
2025-01-19 22:00:00,1.355011,-1.2298584,273.6621,276.22693,0.0,0.0,0.0,0.0,3.5999988e-12,59709.0
2025-01-19 23:00:00,1.1799622,-1.3500977,273.74658,275.95557,0.0,0.0,0.0,0.0,512.0,32989.0
2025-01-20 00:00:00,1.4283142,-1.6568604,273.5868,276.07007,0.0,0.0,0.0,0.0,236800.0,12833.0
2025-01-20 01:00:00,0.8470459,-1.5592194,274.00146,276.93994,0.028869629,0.0,0.0,0.0,806528.0,-134358.0
2025-01-20 02:00:00,0.33076477,-1.7862244,275.03156,282.28406,0.77301025,0.0,0.0,0.0,1365312.0,-313605.0
2025-01-20 03:00:00,0.17860413,-1.7692871,274.87048,283.177,0.8197632,0.0,0.0,0.0,1452480.0,-338359.0
2025-01-20 04:00:00,0.49954224,-2.0853271,274.24548,284.6798,0.7018738,0.0,0.0,0.0,1962048.0,-523166.0
2025-01-20 05:00:00,0.34812927,-2.426529,272.72852,286.37964,0.7619934,0.0,0.0,0.0,1957824.0,-508911.0
2025-01-20 06:00:00,0.22373962,-2.7208405,272.33398,286.5852,0.8364868,0.0,0.0,0.0,1780096.0,-436759.0
2025-01-20 07:00:00,-0.22138977,-2.7790985,271.97192,286.10706,0.8968811,0.0,0.27593994,0.0,1207872.0,-240516.0
2025-01-20 08:00:00,-0.9398346,-2.3733063,273.19727,284.54028,0.33673096,0.0,0.07388306,0.0,739584.0,-72856.0
2025-01-20 09:00:00,-1.3117828,-1.7175903,273.94763,283.4148,0.0030212402,0.0,0.0,0.0,311232.0,53698.0
2025-01-20 10:00:00,-1.5894775,-1.5248108,274.5293,279.935,0.0,0.0,0.0,0.0,7616.0,92158.0
2025-01-20 11:00:00,-1.9050598,-1.3417206,274.5498,279.54822,0.0,0.0,0.0,0.0,3.5999988e-12,98367.0
2025-01-20 12:00:00,-1.9951782,-1.2839203,275.25177,279.54382,0.0,0.0,0.0,0.0,3.5999988e-12,91122.0
2025-01-20 13:00:00,-1.9906616,-0.95396423,274.98724,278.88147,0.0,0.0,0.0,0.0,3.5999988e-12,77415.0
2025-01-20 14:00:00,-1.8382721,-0.6401062,274.3606,276.963,0.0,0.0,0.0,0.0,3.5999988e-12,60747.0
2025-01-20 15:00:00,-1.990036,-0.42477417,274.24207,276.67712,0.0,0.0,0.0,0.0,3.5999988e-12,48303.0
2025-01-20 16:00:00,-2.637497,-0.3765869,274.0337,276.63245,0.0,0.0,0.0,0.0,3.5999988e-12,35971.0
2025-01-20 17:00:00,-2.592514,-0.4651184,273.37756,275.44653,0.0,0.0,0.0,0.0,3.5999988e-12,31363.0
2025-01-20 18:00:00,-2.2598114,-0.5451355,273.20105,275.20044,0.0,0.0,0.0,0.0,3.5999988e-12,25221.0
2025-01-20 19:00:00,-2.204895,-0.6108246,273.38416,275.48267,0.0,0.0,0.0,0.0,3.5999988e-12,17792.0
2025-01-20 20:00:00,-2.6196136,-0.6337738,273.42603,275.7036,0.0,0.0,0.0,0.0,3.5999988e-12,18570.0
2025-01-20 21:00:00,-2.8206177,-0.08227539,273.47156,275.57202,0.0,0.0,0.0,0.0,3.5999988e-12,22079.0
2025-01-20 22:00:00,-2.3318481,0.8051758,273.43958,275.19922,0.0,0.0,0.0,0.0,3.5999988e-12,26965.0
2025-01-20 23:00:00,-1.546814,2.0266724,273.62927,275.4497,0.0,0.0,0.0,0.0,640.0,32107.0
2025-01-21 00:00:00,-1.2306213,1.4596558,274.4754,276.53394,0.0,0.0,0.0,0.0,243200.0,19822.0
2025-01-21 01:00:00,-1.8960266,0.86247253,274.92944,277.33252,0.0,0.0,0.0,0.0,822528.0,-88682.0
2025-01-21 02:00:00,-2.2683105,1.1204987,274.70367,283.2848,0.0,0.0,0.0,0.0,1392960.0,-275216.0
2025-01-21 03:00:00,-2.28891,1.6884766,273.94592,283.7389,0.0,0.0,0.0,0.0,1825216.0,-448691.0
2025-01-21 04:00:00,-2.2147827,1.9855957,273.68433,283.8684,0.0,0.0,0.0,0.0,2061440.0,-553531.0
2025-01-21 05:00:00,-2.2459717,2.0951233,273.7079,286.3335,0.15951538,0.0,0.0,0.0,2063616.0,-562536.0
2025-01-21 06:00:00,-2.4051514,1.9223175,273.64404,286.38318,0.9745178,0.0,0.0,0.0,1725760.0,-441855.0
2025-01-21 07:00:00,-2.5699768,1.5995483,273.687,285.8999,0.9465332,0.0,0.0,0.0,1263616.0,-263047.0
2025-01-21 08:00:00,-2.7726898,0.83480835,274.30762,284.30884,0.76516724,0.0,0.0,0.0,759808.0,-86769.0
2025-01-21 09:00:00,-2.9150696,0.275589,275.54297,283.80945,0.82128906,0.0,0.0,0.0,277888.0,59538.0
2025-01-21 10:00:00,-3.0134888,0.19856262,276.22278,281.6242,0.9762573,0.0,0.0038452148,0.0,7936.0,114955.0
2025-01-21 11:00:00,-3.1677704,0.625885,276.53186,281.50745,1.0,0.0,0.0,0.0,3.5999988e-12,105354.0
2025-01-21 12:00:00,-2.8834229,1.2289124,277.06372,281.5937,0.94177246,0.0,0.07046509,0.0,3.5999988e-12,102027.0
2025-01-21 13:00:00,-2.7544403,1.8318939,277.41003,281.2448,0.88616943,0.0,0.015411377,0.0,3.5999988e-12,105073.0
2025-01-21 14:00:00,-2.7989044,1.9415283,277.69702,280.79572,0.95977783,0.0,0.0,0.0,3.5999988e-12,116610.0
2025-01-21 15:00:00,-2.6328125,1.729538,278.09235,281.32513,0.80773926,0.0,0.0,0.0,3.5999988e-12,120028.0
2025-01-21 16:00:00,-2.8394623,1.7370605,278.36298,281.5686,0.6509094,0.0,0.0,0.0,3.5999988e-12,126195.0
2025-01-21 17:00:00,-3.0531921,1.9900055,278.22754,280.80054,0.46377563,0.0,0.0,0.0,3.5999988e-12,145612.0
2025-01-21 18:00:00,-3.0233307,2.3532562,278.05774,280.76263,0.72769165,0.0,0.0,0.0,3.5999988e-12,164109.0
2025-01-21 19:00:00,-2.8038483,2.8833008,278.12604,280.83112,0.73349,0.0,0.0,0.0,3.5999988e-12,147000.0
2025-01-21 20:00:00,-2.2898254,3.2545166,278.20453,280.3673,0.5762024,0.0,0.0,0.0,3.5999988e-12,160859.0
2025-01-21 21:00:00,-2.0691986,2.8030243,278.23553,280.36157,0.2738037,0.0,0.0,0.0,3.5999988e-12,159589.0
2025-01-21 22:00:00,-1.8076477,2.433838,278.7132,281.18744,0.8457947,0.0,0.0,0.0,3.5999988e-12,148754.0
2025-01-21 23:00:00,-2.230835,2.2203674,278.7611,281.20648,0.86834717,0.0,0.0,0.0,704.0,138887.0
2025-01-22 00:00:00,-2.6341553,2.5770416,279.09265,281.45734,0.92141724,0.0,0.0,0.0,200832.0,86151.0
2025-01-22 01:00:00,-2.752121,2.9330597,279.5572,282.06842,0.06088257,0.0,0.0,0.0,667072.0,-38776.0
2025-01-22 02:00:00,-3.4209442,4.265274,280.264,285.7246,0.02154541,0.0,0.0,0.0,1250752.0,-250734.0
2025-01-22 03:00:00,-3.3743439,4.6442566,279.91995,286.23315,0.020202637,0.0,0.0,0.0,1731840.0,-472421.0
2025-01-22 04:00:00,-3.6943665,4.6378326,279.43884,286.11206,0.0038452148,0.0,0.0,0.0,2006464.0,-595416.0
2025-01-22 05:00:00,-3.8541718,4.3690643,279.81573,288.0354,0.050933838,0.0,0.0,0.0,2005696.0,-604650.0
2025-01-22 06:00:00,-4.0217743,4.2075806,279.94885,287.8313,0.0,0.0,0.0,0.0,1837056.0,-535618.0
2025-01-22 07:00:00,-4.1644897,3.9766083,280.2162,287.31653,0.318573,0.0,0.012084961,0.0,1432128.0,-370965.0
2025-01-22 08:00:00,-3.755127,3.3425903,280.6588,285.8004,0.48199463,0.0060424805,0.028259277,0.0,809728.0,-129410.0
2025-01-22 09:00:00,-3.2882385,3.1348877,280.5161,285.52222,0.21212769,0.006866455,0.04397583,0.0,258880.0,66574.0
2025-01-22 10:00:00,-2.4930267,2.2142792,280.0171,283.50613,0.165802,0.0,0.072784424,0.0,8000.0,137459.0
2025-01-22 11:00:00,-2.3629608,2.065033,280.09833,283.20013,0.08016968,0.01373291,0.0069885254,0.0,3.5999988e-12,138430.0
2025-01-22 12:00:00,-2.0945282,1.8566589,280.1295,283.31476,0.06619263,0.0,0.05404663,0.0,3.5999988e-12,130145.0
2025-01-22 13:00:00,-2.1769104,1.4782257,280.05203,283.17462,0.57022095,0.0,0.026947021,0.0,3.5999988e-12,131471.0
2025-01-22 14:00:00,-2.2634277,1.1156158,280.1906,282.6665,0.9909363,0.0,0.0,0.0,3.5999988e-12,121219.0
2025-01-22 15:00:00,-2.1665497,0.9136658,280.38892,282.78857,0.90197754,0.0,0.0,0.0,3.5999988e-12,105271.0
2025-01-22 16:00:00,-1.9824829,0.8685913,280.49298,282.65814,0.96850586,0.0115356445,0.0031433105,0.0,3.5999988e-12,95178.0
2025-01-22 17:00:00,-1.9743958,0.7796478,280.40924,282.10376,0.8522644,0.0115356445,0.026153564,0.0,3.5999988e-12,79051.0
2025-01-22 18:00:00,-1.8388519,0.5118561,280.46588,281.9685,1.0,0.038482666,0.0211792,0.0,3.5999988e-12,73036.0
2025-01-22 19:00:00,-1.8264923,-0.04548645,280.43982,281.88538,0.9968567,0.03463745,0.0060424805,0.0,3.5999988e-12,49463.0
2025-01-22 20:00:00,-2.117691,-0.7203827,280.92316,282.14417,1.0,0.026947021,0.0030212402,0.0,3.5999988e-12,49841.0
2025-01-22 21:00:00,-2.2871246,-0.93455505,281.2718,282.40527,1.0,0.06542969,0.0,0.0,3.5999988e-12,56551.0
2025-01-22 22:00:00,-2.3384857,-1.226944,281.51544,282.69476,1.0,0.16494751,0.0,0.0,3.5999988e-12,66306.0
2025-01-22 23:00:00,-2.8731232,-1.6077881,281.9815,283.1875,0.9564514,0.3343811,0.0,0.0,576.0,77447.0
2025-01-23 00:00:00,-3.5367432,-1.4312744,282.21973,283.3069,0.7538147,0.5401001,0.0,0.0,145856.0,56612.0
2025-01-23 01:00:00,-4.149536,-1.3193665,282.36908,283.53705,0.60839844,0.85324097,0.0,0.0,577216.0,-60148.0
2025-01-23 02:00:00,-4.5727234,-1.4559784,282.92505,285.9203,0.7965393,0.945282,0.0,0.0,1146240.0,-268257.0
2025-01-23 03:00:00,-4.628601,-1.884552,282.5799,285.885,0.9376221,0.9923096,0.0,2.861023e-06,1429184.0,-456468.0
2025-01-23 04:00:00,-4.377243,-2.0588837,282.68927,285.22632,0.96365356,0.8664856,0.0,4.053116e-06,1332928.0,-448540.0
2025-01-23 05:00:00,-4.357422,-2.1932373,282.5213,285.70593,0.9630127,0.70510864,0.0,6.198883e-06,1166272.0,-412113.0
2025-01-23 06:00:00,-4.3461456,-2.1874847,282.45135,285.78247,0.85754395,0.65979004,0.03387451,1.9073486e-06,1160448.0,-403508.0
2025-01-23 07:00:00,-4.591324,-2.1359406,282.55035,286.2798,0.0038452148,0.5796814,0.0,0.0,824512.0,-286136.0
2025-01-23 08:00:00,-3.9936829,-2.0023193,282.47845,284.7207,0.0038452148,0.53985596,0.17590332,0.0,667520.0,-184336.0
2025-01-23 09:00:00,-3.1990204,-1.9609375,282.1955,284.3993,0.0,0.5331116,0.24105835,0.0,252864.0,-12447.0
2025-01-23 10:00:00,-2.6977234,-1.6995239,281.37433,283.1087,0.123168945,0.75198364,0.25793457,0.0,8192.0,65811.0
2025-01-23 11:00:00,-2.8616333,-1.4468689,281.38235,283.03015,0.700531,0.7005005,0.34820557,0.0,3.5999988e-12,65872.0
2025-01-23 12:00:00,-2.4208221,-1.6907654,281.50583,282.94714,0.9708252,0.4795227,0.63500977,0.0,3.5999988e-12,61698.0
2025-01-23 13:00:00,-2.6993713,-2.1659698,281.48706,282.9347,0.8722534,0.46191406,0.0,0.0,3.5999988e-12,69358.0
2025-01-23 14:00:00,-2.5704803,-2.0836945,281.20795,282.49774,0.98324585,0.3887024,0.057739258,0.0,3.5999988e-12,86037.0
2025-01-23 15:00:00,-2.8375854,-1.7177429,281.16235,282.6009,0.66342163,0.15472412,0.73117065,0.0,3.5999988e-12,76229.0
2025-01-23 16:00:00,-2.9486542,-1.7948914,281.09412,282.5717,0.9961548,0.020111084,0.9031067,0.0,3.5999988e-12,65638.0
2025-01-23 17:00:00,-2.6432648,-1.7900085,281.00293,282.6288,1.0,0.0062561035,0.2846985,0.0,3.5999988e-12,74213.0
2025-01-23 18:00:00,-2.2857208,-1.8992767,280.9048,282.52792,0.99697876,0.010009766,0.7069397,0.0,3.5999988e-12,79215.0
2025-01-23 19:00:00,-2.375885,-2.1922302,280.7497,282.76416,0.986145,0.0031433105,0.63513184,0.0,3.5999988e-12,38706.0
2025-01-23 20:00:00,-2.6349487,-2.190384,280.62634,282.39136,1.0,0.0031433105,0.5658264,0.0,3.5999988e-12,58274.0
2025-01-23 21:00:00,-2.93956,-2.162201,280.5429,282.2862,0.9862671,0.0,0.0,0.0,3.5999988e-12,66228.0
2025-01-23 22:00:00,-2.639328,-2.0402832,280.3636,282.32303,0.944458,0.07455444,0.11038208,0.0,3.5999988e-12,82575.0
2025-01-23 23:00:00,-3.318573,-1.9830322,280.3263,282.22424,0.63934326,0.12521362,0.06781006,0.0,768.0,95373.0
2025-01-24 00:00:00,-3.3359528,-1.6009827,280.5771,282.81613,1.0,0.23535156,0.65618896,0.0,213760.0,47442.0
2025-01-24 01:00:00,-3.368866,-2.2420654,280.57404,283.57196,0.010009766,0.2770691,0.6438904,0.0,702464.0,-132954.0
2025-01-24 02:00:00,-4.0761566,-2.1009674,280.9458,285.61792,0.0,0.2861328,0.5036621,0.0,1196800.0,-340818.0
2025-01-24 03:00:00,-4.687271,-1.6990662,281.09894,286.11987,0.0,0.29885864,0.0,0.0,1505344.0,-511372.0
2025-01-24 04:00:00,-4.4972076,-2.1000977,281.21887,286.60327,0.0,0.36590576,0.013244629,0.0,1697472.0,-580334.0
2025-01-24 05:00:00,-4.5990753,-2.8254547,281.19403,287.089,0.0,0.32437134,0.2310791,0.0,1661632.0,-574433.0
2025-01-24 06:00:00,-4.645752,-3.0978088,280.68512,286.84412,0.20495605,0.21011353,0.6092529,0.0,1652288.0,-580365.0
2025-01-24 07:00:00,-4.520279,-3.2075348,280.34473,286.46387,0.9522095,0.069732666,0.17321777,0.0,1048704.0,-357044.0
2025-01-24 08:00:00,-3.991623,-3.2559204,279.77734,285.2224,0.9700012,0.015960693,0.0093688965,0.0,759808.0,-214455.0
2025-01-24 09:00:00,-3.0916595,-3.230957,279.94214,284.3069,0.9239502,0.0,0.48831177,0.0,278656.0,-13517.0
2025-01-24 10:00:00,-2.7720795,-3.18927,279.37042,283.5528,0.94332886,0.0,0.8337097,0.0,7360.0,52738.0
2025-01-24 11:00:00,-3.0375671,-3.3855286,279.2622,283.54712,0.98083496,0.0,0.8781128,0.0,3.5999988e-12,53420.0
2025-01-24 12:00:00,-2.6988983,-3.1989746,279.21497,283.49432,0.9739685,0.0,0.84799194,0.0,3.5999988e-12,63164.0
2025-01-24 13:00:00,-2.7633972,-3.1363983,279.30316,283.9311,0.96603394,0.0,0.9939575,0.0,3.5999988e-12,54987.0
2025-01-24 14:00:00,-2.98201,-3.1763458,279.06122,283.59503,0.9708252,0.0,0.99697876,0.0,3.5999988e-12,54079.0
2025-01-24 15:00:00,-3.0812988,-3.306839,279.0796,283.6369,0.97268677,0.0,0.98083496,0.0,3.5999988e-12,55450.0
2025-01-24 16:00:00,-3.1542969,-3.6304474,279.055,283.5938,0.9640503,0.0,0.9937439,0.0,3.5999988e-12,58592.0
2025-01-24 17:00:00,-3.3632202,-3.60701,278.5854,283.2378,0.99697876,0.0,0.9659424,0.0,3.5999988e-12,53847.0
2025-01-24 18:00:00,-3.384674,-3.721527,278.38074,283.11774,0.9838562,0.0,0.9206238,0.0,3.5999988e-12,66512.0
2025-01-24 19:00:00,-3.2258759,-3.9018707,278.47113,283.0251,0.16326904,0.0,0.9700012,0.0,3.5999988e-12,40636.0
2025-01-24 20:00:00,-3.3502655,-3.8532715,278.38593,282.98022,0.0,0.0,0.97314453,0.0,3.5999988e-12,54878.0
2025-01-24 21:00:00,-3.4867249,-3.9517822,278.34558,282.9137,0.0,0.0,0.8822632,0.0,3.5999988e-12,66140.0
2025-01-24 22:00:00,-3.280899,-3.8801727,278.0152,282.6798,0.0,0.0,0.8260498,0.0,3.5999988e-12,91264.0
2025-01-24 23:00:00,-3.1447296,-3.9288177,278.1297,282.9223,0.0,0.0,0.8258362,0.0,704.0,68669.0
2025-01-25 00:00:00,-2.9369354,-3.7861633,278.2823,282.93878,0.0,0.01373291,0.8256836,0.0,93568.0,26028.0
2025-01-25 01:00:00,-3.5518036,-4.035187,278.3073,282.67334,0.0,0.017578125,0.802124,0.0,208000.0,-24774.0
2025-01-25 02:00:00,-4.6437073,-4.44812,278.325,283.2829,0.01876831,0.030975342,0.74487305,0.0,468352.0,-125708.0
2025-01-25 03:00:00,-4.634674,-4.349777,278.14154,283.945,0.015625,0.059936523,0.9146118,0.0,1122240.0,-428330.0
2025-01-25 04:00:00,-4.3943634,-4.4729156,278.05505,283.9538,0.0,0.08358765,0.8686218,0.0,1103040.0,-427073.0
2025-01-25 05:00:00,-4.1744385,-4.573868,277.70142,284.01855,0.0031433105,0.015625,0.9232178,0.0,1007616.0,-404980.0
2025-01-25 06:00:00,-4.1664734,-4.39476,277.55676,283.8432,0.1401062,0.01876831,0.93258667,0.0,970368.0,-365627.0
2025-01-25 07:00:00,-3.3357544,-4.0579224,277.56244,283.69397,0.5248718,0.0,0.9329834,0.0,577024.0,-203702.0
2025-01-25 08:00:00,-2.5710144,-3.6364136,277.90216,282.953,0.8572998,0.012084961,0.9692688,0.0,285760.0,-71103.0
2025-01-25 09:00:00,-2.4183197,-3.4712982,277.97583,282.7608,0.80633545,0.01373291,1.0,0.0,79424.0,8820.0
2025-01-25 10:00:00,-2.0384064,-3.3553467,277.80493,282.4521,0.63290405,0.018127441,1.0,0.0,3712.0,32830.0
2025-01-25 11:00:00,-1.8132324,-3.1715698,277.73743,282.5133,0.71984863,0.01977539,0.9242554,0.0,3.5999988e-12,35630.0
2025-01-25 12:00:00,-1.486496,-3.2870483,277.57654,282.41275,0.8417969,0.041046143,0.9710388,0.0,3.5999988e-12,40743.0
2025-01-25 13:00:00,-1.3012543,-3.548767,277.2746,282.4865,0.95132446,0.028045654,0.98605347,0.0,3.5999988e-12,45446.0
2025-01-25 14:00:00,-1.4084473,-3.5973816,277.27618,282.24237,0.97314453,0.022918701,0.9758301,0.0,3.5999988e-12,58404.0
2025-01-25 15:00:00,-1.7959442,-3.6121826,277.25208,282.3512,0.95999146,0.0030212402,0.99383545,0.0,3.5999988e-12,48535.0
2025-01-25 16:00:00,-1.7256622,-3.6462097,277.19586,282.33487,0.9625244,0.0060424805,0.9810486,0.0,3.5999988e-12,48113.0
2025-01-25 17:00:00,-1.6207428,-3.7580109,277.20416,282.12674,0.9700012,0.01373291,0.980011,0.0,3.5999988e-12,46422.0
2025-01-25 18:00:00,-1.5911407,-3.7398834,277.1678,282.03253,0.9763489,0.049865723,0.986969,2.861023e-06,3.5999988e-12,41063.0
2025-01-25 19:00:00,-1.1640625,-3.9715118,277.23334,282.03708,0.9877014,0.32473755,0.9968567,5.722046e-06,3.5999988e-12,28689.0
2025-01-25 20:00:00,-0.57302856,-4.266083,277.62738,281.64273,0.7074585,0.3067627,0.9624634,4.386902e-05,3.5999988e-12,39356.0
2025-01-25 21:00:00,-0.20484924,-4.5948486,277.8778,281.37537,0.9961548,0.89993286,0.99697876,7.05719e-05,3.5999988e-12,55468.0
2025-01-25 22:00:00,0.07086182,-4.1594086,278.25348,281.18597,0.980011,0.27838135,1.0,0.00030946732,3.5999988e-12,55996.0
2025-01-25 23:00:00,0.06355286,-4.043442,278.4162,281.09476,1.0,0.7810364,1.0,0.00064086914,256.0,79309.0
2025-01-26 00:00:00,0.061782837,-3.996109,278.63812,281.03897,0.9687195,0.99697876,1.0,0.0008215904,26048.0,68966.0
2025-01-26 01:00:00,-0.16261292,-3.985962,278.99445,280.99042,0.3668213,0.9874878,0.9874878,0.0007572174,128128.0,34057.0
2025-01-26 02:00:00,-0.07299805,-3.62294,279.2541,281.12524,0.0,0.9812317,0.9807129,0.00043725967,195968.0,8968.0
2025-01-26 03:00:00,-0.25715637,-4.479553,279.2727,281.4192,0.0,0.85842896,0.98999023,0.00031280518,293888.0,-12310.0
2025-01-26 04:00:00,0.21911621,-4.1955566,279.21924,281.13004,0.0,0.8233948,1.0,0.00038576126,188992.0,13341.0
2025-01-26 05:00:00,0.6576843,-3.9584656,278.59552,280.42416,0.0,0.902771,0.9720764,0.00041675568,246848.0,-3023.0
2025-01-26 06:00:00,1.2174988,-3.8164368,278.40814,280.1684,0.05407715,0.69418335,0.93292236,0.00047683716,274176.0,-3951.0
2025-01-26 07:00:00,1.8208008,-3.7931213,278.29456,279.781,0.20254517,0.43328857,0.91290283,0.00021219254,559872.0,-91705.0
2025-01-26 08:00:00,2.088089,-3.7194824,277.6612,279.181,0.58432007,0.41690063,0.88726807,0.00016450882,424320.0,-27606.0
2025-01-26 09:00:00,2.123993,-3.359726,277.67096,279.3469,0.7258606,0.5532837,0.9307251,0.00021648407,167424.0,26414.0
2025-01-26 10:00:00,2.5247192,-2.5592804,276.75177,279.0907,0.92489624,0.61886597,0.9812317,0.00017547607,6272.0,74578.0
2025-01-26 11:00:00,2.7412415,-2.3681946,276.78464,279.04376,0.9144592,0.5958252,0.9930115,9.250641e-05,3.5999988e-12,61994.0
2025-01-26 12:00:00,3.8874512,-2.2012482,276.59708,278.80896,0.8451538,0.77841187,0.90914917,4.2915344e-05,3.5999988e-12,57269.0
2025-01-26 13:00:00,5.1427,-2.7846832,276.2368,278.80444,0.47943115,0.67211914,0.62841797,0.00015449524,3.5999988e-12,70463.0
2025-01-26 14:00:00,5.5933075,-3.2495422,275.1978,278.28625,0.49734497,0.78408813,0.33370972,4.005432e-05,3.5999988e-12,93431.0
2025-01-26 15:00:00,5.520706,-3.3006744,274.75677,278.11453,0.10592651,0.8458557,0.14901733,9.536743e-06,3.5999988e-12,107513.0
2025-01-26 16:00:00,5.722946,-3.5606995,274.34143,278.37796,0.14086914,0.25906372,0.027923584,1.4305115e-06,3.5999988e-12,90580.0
2025-01-26 17:00:00,5.872101,-3.7527313,272.7376,277.1834,0.04437256,0.059906006,0.08425903,0.0,3.5999988e-12,131528.0
2025-01-26 18:00:00,5.497818,-3.6842346,272.9725,277.04547,0.0,0.117370605,0.23977661,1.4305115e-06,3.5999988e-12,127620.0
2025-01-26 19:00:00,5.0553436,-3.81427,273.69202,276.95374,0.0,0.1199646,0.0093688965,2.2888184e-05,3.5999988e-12,59750.0
2025-01-26 20:00:00,4.820053,-3.8147888,271.82837,275.7942,0.0,0.018341064,0.0,9.536743e-07,3.5999988e-12,71852.0
2025-01-26 21:00:00,4.6418915,-3.7143555,268.48438,275.48962,0.0,0.012420654,0.0,0.0,3.5999988e-12,76924.0
2025-01-26 22:00:00,3.9490662,-2.7322845,268.8418,275.1139,0.0,0.0031433105,0.0,0.0,3.5999988e-12,83705.0
2025-01-26 23:00:00,3.8746796,-2.761551,267.4536,274.74316,0.0,0.0093688965,0.0,0.0,1664.0,83777.0
2025-01-27 00:00:00,4.3510895,-3.3227386,265.8678,274.89783,0.0,0.0,0.0,0.0,277952.0,-32245.0
2025-01-27 01:00:00,4.697159,-3.9461823,264.43616,275.08984,0.0,0.0,0.0,0.0,900480.0,-326662.0
2025-01-27 02:00:00,5.177597,-3.921524,263.27246,276.8745,0.0,0.0,0.0,0.0,1494528.0,-638698.0
2025-01-27 03:00:00,5.6186066,-3.6055298,262.83008,277.0683,0.0,0.0,0.0,0.0,1941120.0,-875986.0
2025-01-27 04:00:00,6.0235596,-3.5483856,262.1974,277.57275,0.0,0.0,0.0,0.0,2186304.0,-1000540.0
2025-01-27 05:00:00,6.1581726,-3.4898834,261.71472,278.74658,0.0,0.0,0.0,0.0,2206336.0,-1000599.0
2025-01-27 06:00:00,6.220703,-3.3919373,261.50146,278.87506,0.0,0.0,0.0,0.0,2001280.0,-875493.0
2025-01-27 07:00:00,6.146805,-3.2591553,261.33423,279.01007,0.0,0.0,0.0,0.0,1579072.0,-621333.0
2025-01-27 08:00:00,5.8356323,-3.1669006,261.05322,278.05026,0.0,0.0,0.0,0.0,1017600.0,-319315.0
2025-01-27 09:00:00,4.866089,-2.7413788,261.66516,277.75482,0.0,0.0,0.0,0.0,399552.0,-11269.0
2025-01-27 10:00:00,3.501419,-2.1131897,263.47986,276.0374,0.0,0.0,0.0,0.0,18496.0,135641.0
2025-01-27 11:00:00,3.2847443,-2.585144,263.60217,275.83063,0.0,0.0,0.0,0.0,3.5999988e-12,133374.0
2025-01-27 12:00:00,3.217636,-3.02565,263.4829,275.8922,0.0,0.0,0.0,0.0,3.5999988e-12,128630.0
2025-01-27 13:00:00,3.064911,-3.5924072,263.38538,275.68243,0.0,0.0,0.0,0.0,3.5999988e-12,122241.0
2025-01-27 14:00:00,3.1334991,-3.8073883,263.67383,274.91608,0.0,0.0,0.0,0.0,3.5999988e-12,116651.0
2025-01-27 15:00:00,3.2949219,-3.72966,264.0094,274.75446,0.0,0.0,0.0,0.0,3.5999988e-12,112625.0
2025-01-27 16:00:00,3.315689,-2.9075165,264.0193,274.58203,0.0,0.0,0.0,0.0,3.5999988e-12,105050.0
2025-01-27 17:00:00,3.248291,-2.2183533,263.9198,273.63562,0.0,0.0,0.0,0.0,3.5999988e-12,99127.0
2025-01-27 18:00:00,3.1031952,-1.6484528,263.89233,273.5171,0.0,0.0,0.0,0.0,3.5999988e-12,89443.0
2025-01-27 19:00:00,2.9897766,-1.2438812,264.01855,273.25916,0.0,0.0,0.0,0.0,3.5999988e-12,63908.0
2025-01-27 20:00:00,2.9339142,-1.0764008,264.58972,272.2677,0.0,0.0,0.0,0.0,3.5999988e-12,60444.0
2025-01-27 21:00:00,2.8740845,-1.1945038,264.77893,272.05908,0.0,0.0,0.0,0.0,3.5999988e-12,57134.0
2025-01-27 22:00:00,3.1239624,-1.0326385,265.81238,272.3095,0.0,0.0,0.0,0.0,3.5999988e-12,57050.0
2025-01-27 23:00:00,2.9775543,-1.0216217,265.68585,272.2569,0.0,0.0,0.0,0.0,1984.0,55312.0
2025-01-28 00:00:00,3.2925262,-0.97184753,265.82074,272.6159,0.0,0.0,0.0,0.0,284480.0,-35996.0
2025-01-28 01:00:00,3.4475555,-1.316742,264.56537,273.3786,0.0,0.0,0.0,0.0,900864.0,-268252.0
2025-01-28 02:00:00,3.475006,-1.7818298,260.63525,277.13086,0.0,0.0,0.0,0.0,1493376.0,-518458.0
2025-01-28 03:00:00,3.9390564,-2.0299683,260.6317,277.67065,0.0,0.0,0.0,0.0,1943488.0,-723844.0
2025-01-28 04:00:00,4.736511,-1.6479034,261.03766,278.1037,0.0,0.0,0.0,0.0,2190912.0,-837462.0
2025-01-28 05:00:00,5.441452,-1.1705627,261.1068,279.59253,0.0,0.0,0.0,0.0,2210176.0,-841164.0
2025-01-28 06:00:00,5.8701477,-1.0973206,261.56573,279.90668,0.0,0.0,0.0,0.0,2003328.0,-739313.0
2025-01-28 07:00:00,6.0279236,-1.4198608,262.1029,279.73938,0.0,0.0,0.0,0.0,1582656.0,-544064.0
2025-01-28 08:00:00,5.8473053,-1.6984863,262.69727,279.15475,0.0,0.0,0.0,0.0,1020928.0,-260318.0
2025-01-28 09:00:00,4.438156,-1.4091187,263.66724,278.79285,0.0,0.0,0.0,0.0,404416.0,32760.0
2025-01-28 10:00:00,3.1437988,-0.7801819,264.40723,277.07983,0.0,0.0,0.0,0.0,20224.0,153043.0
2025-01-28 11:00:00,2.7377167,-0.8431854,264.69727,276.97174,0.0,0.0,0.0,0.0,3.5999988e-12,127074.0
2025-01-28 12:00:00,2.600418,-1.2052307,264.964,276.82147,0.0,0.0,0.0,0.0,3.5999988e-12,118801.0
2025-01-28 13:00:00,2.2978973,-1.6760864,265.08862,276.38824,0.0,0.0,0.0,0.0,3.5999988e-12,117427.0
2025-01-28 14:00:00,2.0019379,-1.8927612,265.83215,274.71643,0.0,0.0,0.0,0.0,3.5999988e-12,109216.0
2025-01-28 15:00:00,1.8053589,-2.1665497,266.088,274.48132,0.0,0.0,0.0,0.0,3.5999988e-12,98057.0
2025-01-28 16:00:00,1.6264343,-2.3716583,266.203,274.1078,0.0,0.0,0.0,0.0,3.5999988e-12,87900.0
2025-01-28 17:00:00,1.4972687,-2.0479126,266.3413,272.167,0.0,0.0,0.0,0.0,3.5999988e-12,72065.0
2025-01-28 18:00:00,1.6484833,-1.6905212,266.74866,271.80774,0.0,0.0,0.0,0.0,3.5999988e-12,48259.0
2025-01-28 19:00:00,1.7972565,-1.3357849,266.80713,271.60364,0.0,0.0,0.0,0.0,3.5999988e-12,32071.0
2025-01-28 20:00:00,1.8324738,-1.1123352,266.9088,270.45276,0.0,0.0,0.0,0.0,3.5999988e-12,24725.0
2025-01-28 21:00:00,1.8697205,-1.0212402,267.03235,270.33337,0.0,0.0,0.0,0.0,3.5999988e-12,20987.0
2025-01-28 22:00:00,1.968216,-0.2097168,268.06262,271.05286,0.0,0.0,0.0,0.0,3.5999988e-12,13567.0
2025-01-28 23:00:00,1.7336731,0.18467712,268.0204,271.31982,0.0,0.0,0.0,0.0,2304.0,4166.0
2025-01-29 00:00:00,1.9117432,0.14123535,268.12,272.6255,0.0,0.0,0.0,0.0,284608.0,-26929.0
2025-01-29 01:00:00,1.684494,-0.28933716,265.9939,273.20288,0.0,0.0,0.0,0.0,894784.0,-188953.0
2025-01-29 02:00:00,1.6624146,-0.5990448,263.84595,278.1432,0.0,0.0,0.0,0.0,1483264.0,-395255.0
2025-01-29 03:00:00,1.7314606,-1.0141602,263.03882,278.69745,0.0,0.0,0.0,0.0,1931008.0,-592839.0
2025-01-29 04:00:00,1.6125946,-1.3309479,263.18994,279.1825,0.0,0.0,0.0,0.0,2177280.0,-715735.0
2025-01-29 05:00:00,1.1522369,-1.6907654,262.97876,280.69324,0.0,0.0,0.0,0.0,2201856.0,-721342.0
2025-01-29 06:00:00,0.38165283,-1.9161682,262.79785,281.0819,0.0,0.0,0.0,0.0,2001984.0,-622200.0
2025-01-29 07:00:00,-0.6725006,-1.761322,263.06885,280.8181,0.0,0.0,0.0,0.0,1592128.0,-435240.0
2025-01-29 08:00:00,-1.7453003,-1.1813812,264.59033,280.14612,0.0,0.0,0.0,0.0,1032896.0,-215702.0
2025-01-29 09:00:00,-2.19133,-0.37789917,265.6654,279.7506,0.0,0.0,0.0,0.0,414400.0,1143.0
2025-01-29 10:00:00,-2.765686,0.317276,267.8803,277.43054,0.0,0.0,0.0,0.0,22272.0,91055.0
2025-01-29 11:00:00,-2.956253,1.0422668,268.20667,276.91876,0.0,0.0,0.0,0.0,3.5999988e-12,97334.0
2025-01-29 12:00:00,-2.5686188,1.4665833,268.23633,276.80627,0.19805908,0.0,0.0,0.0,3.5999988e-12,94364.0
2025-01-29 13:00:00,-2.5498047,1.5432281,268.0735,276.64203,0.4458313,0.0,0.0,0.0,3.5999988e-12,90883.0
2025-01-29 14:00:00,-2.5349274,1.828949,268.1245,276.2226,0.17193604,0.0,0.0,0.0,3.5999988e-12,92014.0
2025-01-29 15:00:00,-2.634262,2.1379547,268.06946,276.18286,0.0030212402,0.0,0.0,0.0,3.5999988e-12,97169.0
2025-01-29 16:00:00,-2.800949,2.1786652,267.92938,276.0918,0.0,0.0,0.0,0.0,3.5999988e-12,106262.0
2025-01-29 17:00:00,-2.8005066,2.121582,268.35632,276.12683,0.0,0.0,0.0,0.0,3.5999988e-12,118103.0
2025-01-29 18:00:00,-2.7294312,2.2084198,268.4911,276.00952,0.0,0.0,0.0030212402,0.0,3.5999988e-12,125543.0
2025-01-29 19:00:00,-2.4360504,2.5466614,269.0454,276.12317,0.0,0.0,0.08105469,0.0,3.5999988e-12,145769.0
2025-01-29 20:00:00,-2.359085,3.0249786,270.44238,276.72266,0.0,0.0,0.2519226,0.0,3.5999988e-12,151554.0
2025-01-29 21:00:00,-2.4583893,3.4276733,271.1438,276.8639,0.0,0.0,0.4069214,0.0,3.5999988e-12,165101.0
2025-01-29 22:00:00,-2.1994476,2.8419647,272.2127,278.13245,0.0,0.0,0.30166626,0.0,3.5999988e-12,174801.0
2025-01-29 23:00:00,-2.4438324,3.134735,272.62567,278.6399,0.0,0.0,0.3095703,0.0,2496.0,192932.0
2025-01-30 00:00:00,-2.7520142,4.0426483,273.3521,279.38904,0.0,0.0,0.77752686,0.0,265088.0,106519.0
2025-01-30 01:00:00,-2.7523499,4.623062,273.67822,280.43115,0.0,0.0,0.3058777,0.0,810368.0,-100080.0
2025-01-30 02:00:00,-2.6750336,5.725815,273.9248,284.4641,0.0,0.0,0.08917236,0.0,1272576.0,-316091.0
2025-01-30 03:00:00,-2.2532196,6.1441956,273.93127,284.75403,0.0,0.0,0.046539307,0.0,1592384.0,-465840.0
2025-01-30 04:00:00,-1.9425049,5.9774017,274.00708,284.74182,0.0,0.0,0.018951416,0.0,2039360.0,-674198.0
2025-01-30 05:00:00,-1.8607483,5.6421356,274.79272,286.17822,0.0,0.0,0.0,0.0,2119680.0,-698688.0
2025-01-30 06:00:00,-1.8675995,5.318756,275.09802,286.02563,0.0,0.0,0.0060424805,0.0,1920448.0,-598475.0
2025-01-30 07:00:00,-2.1963043,5.0127106,275.61926,285.6819,0.0031433105,0.0,0.0,0.0,1542720.0,-388981.0
2025-01-30 08:00:00,-2.5202942,4.2601776,276.547,284.42297,0.5743408,0.0,0.0,0.0,994752.0,-163355.0
2025-01-30 09:00:00,-2.6073456,3.5874634,276.92273,284.26685,0.0038452148,0.0,0.0,0.0,385984.0,55600.0
2025-01-30 10:00:00,-2.5407562,3.5275116,277.71667,281.80472,0.038726807,0.0,0.0,0.0,22464.0,168947.0
2025-01-30 11:00:00,-2.6240692,3.7742767,277.8534,281.79523,0.36010742,0.0,0.0,0.0,3.5999988e-12,181276.0
2025-01-30 12:00:00,-2.5538635,4.0588074,278.00378,281.9796,0.03656006,0.0,0.0,0.0,3.5999988e-12,199900.0
2025-01-30 13:00:00,-2.351471,4.228714,278.06104,282.44147,0.42669678,0.0,0.0,0.0,3.5999988e-12,215164.0
2025-01-30 14:00:00,-2.3876953,4.5086975,278.24695,281.94434,0.85998535,0.0,0.0,0.0,3.5999988e-12,221510.0
2025-01-30 15:00:00,-2.501007,5.0524597,278.37854,282.10876,0.9064636,0.0,0.0,0.0,3.5999988e-12,225469.0
2025-01-30 16:00:00,-2.4514008,5.3636475,278.57642,282.36218,0.8744507,0.0,0.0,0.0,3.5999988e-12,235659.0
2025-01-30 17:00:00,-2.2281342,5.281967,278.99142,282.45422,0.678772,0.0,0.0,0.0,3.5999988e-12,236158.0
2025-01-30 18:00:00,-1.9884491,5.072708,278.88403,282.2964,0.48876953,0.0,0.0,0.0,3.5999988e-12,240624.0
2025-01-30 19:00:00,-1.7005768,4.3907013,278.86285,282.40167,0.2552185,0.0,0.006164551,0.0,3.5999988e-12,217329.0
2025-01-30 20:00:00,-1.192276,3.8420563,278.95538,281.45868,0.023101807,0.0,0.13626099,0.0,3.5999988e-12,196912.0
2025-01-30 21:00:00,-1.0187073,3.382141,279.2326,281.57855,0.0038452148,0.0,0.3789673,0.0,3.5999988e-12,162643.0
2025-01-30 22:00:00,-1.0071106,2.9357605,280.46378,282.4646,0.4515381,0.0,0.48406982,0.0,3.5999988e-12,133938.0
2025-01-30 23:00:00,-1.5159302,3.0245667,280.57953,282.31873,0.25079346,0.0,0.7713318,0.0,2176.0,146904.0
2025-01-31 00:00:00,-1.4487457,3.6209717,280.50116,282.78827,0.68408203,0.0,1.0,0.0,110976.0,76108.0
2025-01-31 01:00:00,-1.0437012,3.6989594,280.47855,282.7815,0.70376587,0.026245117,1.0,0.0,262144.0,35402.0
2025-01-31 02:00:00,-0.6648865,4.15802,282.05768,284.87085,0.0,0.07461548,0.9753113,9.536743e-07,607168.0,-96394.0
2025-01-31 03:00:00,-0.01763916,4.365494,282.20117,285.5697,0.96343994,0.13470459,0.98999023,5.00679e-05,1023360.0,-234634.0
2025-01-31 04:00:00,0.47190857,2.557541,282.6609,285.12878,1.0,0.34799194,1.0,0.000541687,738816.0,-92325.0
2025-01-31 05:00:00,0.80036926,1.4584808,283.2152,284.4251,0.96343994,1.0,1.0,0.0011487007,341632.0,38820.0
2025-01-31 06:00:00,1.5486755,0.13964844,283.252,284.0335,0.53808594,0.9937439,1.0,0.00093126297,265664.0,22090.0
2025-01-31 07:00:00,1.4631042,-1.234848,283.2448,283.69067,0.025848389,0.9812317,1.0,0.0007958412,127040.0,6970.0
2025-01-31 08:00:00,1.1097565,-2.107605,282.84198,283.30322,0.17993164,1.0,1.0,0.00060892105,116672.0,9850.0
2025-01-31 09:00:00,0.83677673,-2.6229858,282.52698,283.02008,0.9570923,1.0,1.0,0.0007019043,36544.0,30195.0
2025-01-31 10:00:00,0.38449097,-2.6972961,281.46747,282.18945,0.7696228,1.0,1.0,0.0008177757,2752.0,35803.0
2025-01-31 11:00:00,0.22415161,-3.1292267,281.19293,281.9767,0.96698,1.0,1.0,0.0009536743,3.5999988e-12,29253.0
2025-01-31 12:00:00,0.09274292,-3.38089,281.09055,281.9731,0.9508362,1.0,1.0,0.0012340546,3.5999988e-12,34324.0
2025-01-31 13:00:00,0.12734985,-3.0875092,280.9097,281.92206,0.95614624,1.0,1.0,0.0008382797,3.5999988e-12,35015.0
2025-01-31 14:00:00,0.029953003,-2.5875702,280.94135,281.8556,0.9939575,1.0,1.0,0.00062322617,3.5999988e-12,28755.0
2025-01-31 15:00:00,0.52427673,-2.4164734,280.9287,281.76657,1.0,1.0,1.0,0.00041627884,3.5999988e-12,25467.0
2025-01-31 16:00:00,2.3141174,-2.343567,281.00006,281.7576,0.980011,1.0,1.0,0.00072574615,3.5999988e-12,30290.0
2025-01-31 17:00:00,3.0840302,-2.7059479,280.93585,281.63226,0.87384033,1.0,1.0,0.00074768066,3.5999988e-12,33082.0
2025-01-31 18:00:00,2.8889313,-3.0679474,280.8296,281.4502,0.9479065,1.0,0.9627075,0.0005874634,3.5999988e-12,30429.0
2025-01-31 19:00:00,3.3564758,-3.1114502,280.87234,281.32446,0.9076843,1.0,1.0,0.00047302246,3.5999988e-12,18719.0
2025-01-31 20:00:00,3.5814514,-2.9007874,280.76685,281.2848,1.0,0.9909363,1.0,0.0008158684,3.5999988e-12,17174.0
2025-01-31 21:00:00,3.7258759,-2.4805756,280.4076,280.98462,0.8324585,0.9848938,0.8583069,0.00079345703,3.5999988e-12,17701.0
2025-01-31 22:00:00,3.9772644,-2.4726715,280.45493,281.047,0.50097656,0.9763489,0.6102905,0.0004014969,3.5999988e-12,21574.0
2025-01-31 23:00:00,3.674286,-3.2181396,280.43256,281.22723,0.0,1.0,0.88934326,3.6239624e-05,1216.0,35276.0
2025-02-01 00:00:00,3.3936768,-4.6091156,280.39072,281.37177,0.0,1.0,0.69470215,9.536743e-07,48448.0,33947.0
2025-02-01 01:00:00,2.4940796,-4.811371,280.32953,282.02893,0.88812256,1.0,0.47909546,0.0,298560.0,-31869.0
2025-02-01 02:00:00,2.4401245,-5.6780243,280.07104,282.32693,0.7988281,1.0,0.11489868,4.7683716e-07,359424.0,-53562.0
2025-02-01 03:00:00,2.0449219,-6.985962,279.98636,282.36365,0.0038452148,1.0,0.14508057,1.4305115e-06,478656.0,-134900.0
2025-02-01 04:00:00,1.0597687,-6.851654,279.8781,282.17108,0.0093688965,1.0,0.0031433105,0.0,561472.0,-185930.0
2025-02-01 05:00:00,1.1099854,-7.1838074,279.0971,281.9881,0.32614136,1.0,0.0,0.0,779200.0,-274860.0
2025-02-01 06:00:00,0.5358734,-6.7274933,279.12625,282.12286,0.0038452148,1.0,0.036834717,0.0,614080.0,-206687.0
2025-02-01 07:00:00,0.9050598,-5.8561554,279.1242,281.98505,0.0,1.0,0.33605957,4.7683716e-07,344256.0,-119171.0
2025-02-01 08:00:00,0.9208679,-5.353958,278.99695,281.85315,0.02218628,1.0,0.24691772,4.7683716e-07,207296.0,-65452.0
2025-02-01 09:00:00,0.55215454,-5.221237,279.0207,281.5511,0.010009766,1.0,0.09512329,4.7683716e-07,81408.0,-12814.0
2025-02-01 10:00:00,-0.031219482,-5.2030487,278.77856,280.72226,0.049987793,1.0,0.04373169,0.0,9664.0,13769.0
2025-02-01 11:00:00,0.16081238,-4.4338074,278.7392,280.55725,0.056152344,1.0,0.09429932,0.0,3.5999988e-12,25245.0
2025-02-01 12:00:00,0.4512787,-4.5887146,278.724,280.6453,0.33764648,1.0,0.24075317,0.0,3.5999988e-12,25984.0
2025-02-01 13:00:00,0.4712677,-4.430191,278.61298,280.61383,0.84140015,1.0,0.6694641,0.0,3.5999988e-12,18102.0
2025-02-01 14:00:00,0.24481201,-4.4684296,278.24304,280.3176,0.9939575,0.9961548,0.9909363,1.9073486e-06,3.5999988e-12,18649.0
2025-02-01 15:00:00,-0.018096924,-4.9155884,278.2099,280.40292,1.0,0.9930115,0.98791504,0.00018310547,3.5999988e-12,13946.0
2025-02-01 16:00:00,-0.18572998,-5.1846313,278.26654,280.38632,0.77789307,0.89486694,0.64282227,0.00012111664,3.5999988e-12,35097.0
2025-02-01 17:00:00,0.30395508,-5.3634644,278.02332,279.85468,0.6807251,0.9968567,0.86065674,0.0001616478,3.5999988e-12,41706.0
2025-02-01 18:00:00,0.30368042,-5.5367584,277.7763,279.66263,0.22583008,0.9812317,1.0,7.43866e-05,3.5999988e-12,41737.0
2025-02-01 19:00:00,-1.2347107,-5.2756653,277.57294,279.59732,0.0,0.07476807,0.92407227,0.00011920929,3.5999988e-12,46820.0
2025-02-01 20:00:00,-0.45083618,-4.3149567,276.9746,278.76904,0.0031433105,0.030090332,0.94802856,3.5762787e-05,3.5999988e-12,58702.0
2025-02-01 21:00:00,-0.6880646,-4.1389313,276.9342,278.56274,0.0060424805,0.04324341,0.83517456,1.6212463e-05,3.5999988e-12,32988.0
2025-02-01 22:00:00,0.44984436,-3.1804962,277.21277,279.01038,1.0,0.02230835,0.83306885,4.2915344e-06,3.5999988e-12,51447.0
2025-02-01 23:00:00,0.855896,-3.1821594,277.14154,279.22964,0.6476135,0.016967773,0.95047,0.0,2240.0,26952.0
2025-02-02 00:00:00,0.5600891,-3.2602386,277.31616,279.54318,0.0,0.023132324,0.1696167,0.0,235904.0,-14208.0
2025-02-02 01:00:00,0.31098938,-4.474182,276.94946,279.9049,0.037322998,0.4454956,0.37097168,0.0,787392.0,-183163.0
2025-02-02 02:00:00,-0.3262024,-4.717926,276.57275,280.94055,0.5029297,0.80075073,0.24142456,0.0,1071680.0,-380153.0
2025-02-02 03:00:00,-0.3222046,-4.755417,276.43335,280.98206,0.15625,0.8765564,0.4800415,0.0,890112.0,-334025.0
2025-02-02 04:00:00,-0.42210388,-4.650299,276.30713,280.89886,0.0,1.0,0.78689575,0.0,1145792.0,-459970.0
2025-02-02 05:00:00,-0.37295532,-4.3175354,276.0755,281.3822,0.044891357,0.9749756,0.9375305,0.0,1198336.0,-465313.0
2025-02-02 06:00:00,-0.3436737,-4.3634186,275.89392,281.14026,0.037994385,0.9937439,0.9136963,0.0,1057600.0,-406924.0
2025-02-02 07:00:00,-0.39100647,-4.143402,275.57495,281.16418,0.047180176,0.9627075,0.869812,0.0,610176.0,-213640.0
2025-02-02 08:00:00,-0.12898254,-3.5966644,275.13953,280.97992,0.023956299,0.40930176,0.90301514,0.0,416512.0,-129937.0
2025-02-02 09:00:00,-0.215271,-3.0808105,275.318,280.75354,0.07385254,0.2276001,0.8954468,0.0,183296.0,-29641.0
2025-02-02 10:00:00,-0.10797119,-3.5067291,275.55994,279.93298,0.0960083,0.76898193,0.9961548,0.0,17024.0,44189.0
2025-02-02 11:00:00,0.20535278,-3.8582458,275.3553,279.68372,0.15893555,0.52871704,1.0,0.0,3.5999988e-12,42176.0
2025-02-02 12:00:00,0.050079346,-3.7806244,275.38013,279.44287,0.15344238,0.15255737,1.0,0.0,3.5999988e-12,40311.0
2025-02-02 13:00:00,-0.35966492,-3.3732758,275.2193,279.1911,0.0093688965,0.0,0.98846436,0.0,3.5999988e-12,28032.0
2025-02-02 14:00:00,0.38710022,-2.9049225,275.01254,278.52893,0.020111084,0.010009766,1.0,0.0,3.5999988e-12,44526.0
2025-02-02 15:00:00,0.7611389,-3.5780792,274.9899,278.52673,0.0,0.0038452148,0.95861816,0.0,3.5999988e-12,25256.0
2025-02-02 16:00:00,0.8986664,-4.1164703,274.95346,278.55743,0.0030212402,0.019500732,0.8387146,0.0,3.5999988e-12,18309.0
2025-02-02 17:00:00,1.3230133,-3.945404,275.05112,278.30917,0.02331543,0.12313843,0.9163208,0.0,3.5999988e-12,50619.0
2025-02-02 18:00:00,0.706604,-4.22258,274.96188,278.39865,0.0,0.026977539,0.7088318,0.0,3.5999988e-12,44523.0
2025-02-02 19:00:00,1.6666565,-3.6459198,274.9993,278.5929,0.0,0.072052,0.7857361,0.0,3.5999988e-12,61816.0
2025-02-02 20:00:00,1.7168121,-4.52536,274.81085,278.1133,0.0,0.1913147,0.92099,0.0,3.5999988e-12,37558.0
2025-02-02 21:00:00,1.7157745,-4.3806763,274.93704,278.34262,0.0,0.4081421,0.7454834,0.0,3.5999988e-12,26332.0
2025-02-02 22:00:00,1.9625244,-3.6739044,274.52173,278.19644,0.0060424805,0.614624,0.7352295,0.0,3.5999988e-12,45265.0
2025-02-02 23:00:00,2.6974945,-3.809311,274.62122,278.34122,0.0031433105,0.70376587,0.86846924,0.0,3648.0,55538.0
2025-02-03 00:00:00,2.0372925,-3.7406769,274.62988,278.5276,0.62423706,0.5818176,0.8340759,9.536743e-07,169216.0,-25909.0
2025-02-03 01:00:00,1.2577972,-5.4710083,273.7934,278.8168,0.27566528,0.7742615,0.7989502,9.536743e-07,592576.0,-197681.0
2025-02-03 02:00:00,0.80218506,-5.62912,272.30273,279.91956,0.4119568,0.4888916,0.010009766,0.0,1073472.0,-406894.0
2025-02-03 03:00:00,0.508255,-5.5614014,272.1518,280.4015,0.43060303,0.39379883,0.0,0.0,1557696.0,-598003.0
2025-02-03 04:00:00,0.78219604,-5.548584,272.03363,280.75464,0.010009766,0.5074768,0.0,0.0,1954752.0,-774383.0
2025-02-03 05:00:00,0.8027649,-5.5645447,270.92847,281.25732,0.0,0.5192566,0.012512207,0.0,2045952.0,-794109.0
2025-02-03 06:00:00,0.84806824,-5.6151733,270.5078,281.3474,0.0,0.43341064,0.35964966,0.0,1859200.0,-689751.0
2025-02-03 07:00:00,0.81292725,-5.362198,269.94592,280.98047,0.0,0.54278564,0.54364014,0.0,1377536.0,-501803.0
2025-02-03 08:00:00,0.3297882,-4.942734,269.6325,280.36304,0.0,0.3956604,0.56500244,0.0,914176.0,-269791.0
2025-02-03 09:00:00,-1.0001221,-3.637741,270.27612,279.76184,0.0,0.19805908,0.21844482,0.0,370176.0,-54937.0
2025-02-03 10:00:00,-1.0340576,-2.3521118,270.99634,277.5229,0.0,0.1399231,0.0154418945,0.0,31360.0,82203.0
2025-02-03 11:00:00,-1.1720123,-2.2801208,271.34143,277.4533,0.0,0.022918701,0.0,0.0,3.5999988e-12,74400.0
2025-02-03 12:00:00,-0.91075134,-2.221695,271.5885,276.86926,0.0,0.02279663,0.0,0.0,3.5999988e-12,75107.0
2025-02-03 13:00:00,-0.65522766,-2.0146637,271.88068,276.4815,0.0,0.0,0.0,0.0,3.5999988e-12,65658.0
2025-02-03 14:00:00,-0.6195526,-1.8768921,271.56787,275.2771,0.0,0.0,0.04699707,0.0,3.5999988e-12,46999.0
2025-02-03 15:00:00,-0.50593567,-1.8223572,271.66248,275.09998,0.0,0.0,0.22427368,0.0,3.5999988e-12,41054.0
2025-02-03 16:00:00,-0.051834106,-1.9615173,271.75452,275.3059,0.0,0.0,0.30966187,0.0,3.5999988e-12,44872.0
2025-02-03 17:00:00,0.42492676,-1.659256,272.27972,274.599,0.0,0.0,0.054626465,0.0,3.5999988e-12,36231.0
2025-02-03 18:00:00,0.61291504,-1.2907257,271.97577,274.4386,0.0,0.0,0.0,0.0,3.5999988e-12,17600.0
2025-02-03 19:00:00,0.78767395,-1.3213501,271.5479,274.24866,0.0,0.0,0.0,0.0,3.5999988e-12,6955.0
2025-02-03 20:00:00,0.7407074,-1.3335419,271.55945,273.49023,0.0,0.0,0.0,0.0,3.5999988e-12,4961.0
2025-02-03 21:00:00,0.7089081,-1.3156891,271.32068,273.5381,0.0,0.0,0.0,0.0,3.5999988e-12,4747.0
2025-02-03 22:00:00,0.8065491,-0.47717285,272.98633,274.4381,0.0,0.018463135,0.0,0.0,3.5999988e-12,4829.0
2025-02-03 23:00:00,1.3863678,-0.4273224,272.86597,274.05518,0.0,0.128479,0.0038452148,0.0,5184.0,10040.0
2025-02-04 00:00:00,1.3587952,-0.36914062,273.23706,274.2937,0.0,0.2892151,0.0076904297,0.0,311808.0,-31884.0
2025-02-04 01:00:00,1.0415497,-0.22174072,271.17566,275.2246,0.0,0.08468628,0.043304443,0.0,907840.0,-206472.0
2025-02-04 02:00:00,1.1832428,-0.28529358,270.40985,278.69928,0.0,0.026947021,0.013946533,0.0,1520576.0,-432450.0
2025-02-04 03:00:00,1.6659698,-0.3536377,269.1737,279.34906,0.0,0.021453857,0.03704834,0.0,1973312.0,-617839.0
2025-02-04 04:00:00,2.6058807,-0.44303894,268.73413,279.70062,0.0,0.21081543,0.1635437,0.0,2226112.0,-716812.0
2025-02-04 05:00:00,4.901596,-0.9236908,267.42377,281.61792,0.0,0.19256592,0.70880127,0.0,2249024.0,-732853.0
2025-02-04 06:00:00,5.318512,-1.5085602,267.35132,281.97705,0.0,0.033203125,0.8765869,0.0,2035520.0,-658145.0
2025-02-04 07:00:00,5.1189117,-1.9550018,267.18756,281.92627,0.0,0.08227539,0.7723999,5.531311e-05,1052544.0,-280273.0
2025-02-04 08:00:00,4.7612,-2.1419373,268.65576,280.96094,0.0,0.25930786,0.6350708,7.534027e-05,890048.0,-157580.0
2025-02-04 09:00:00,3.0868835,-1.8093414,269.60364,281.1692,0.0,0.07559204,0.23287964,0.0,334656.0,37636.0
2025-02-04 10:00:00,1.2495728,-0.3250885,270.04822,279.64856,0.0,0.059661865,0.14379883,0.0,32448.0,124503.0
2025-02-04 11:00:00,0.8120117,-0.96473694,270.6477,279.01758,0.0,0.006866455,0.14129639,0.0,3.5999988e-12,84819.0
2025-02-04 12:00:00,0.4450531,-1.4847565,271.9829,277.97327,0.0,0.0,0.0927124,0.0,3.5999988e-12,54903.0
2025-02-04 13:00:00,-0.2646942,-1.0071259,272.79797,276.99194,0.0,0.0,0.0,0.0,3.5999988e-12,21254.0
2025-02-04 14:00:00,0.0043945312,-0.596756,272.89673,275.90332,0.0,0.0,0.0,0.0,3.5999988e-12,8693.0
2025-02-04 15:00:00,0.51638794,-0.115982056,273.2732,276.60034,0.0,0.0,0.0,0.0,3.5999988e-12,6695.0
2025-02-04 16:00:00,1.2429352,-0.17799377,273.10913,276.61108,0.0,0.0,0.0,0.0,3.5999988e-12,5115.0
2025-02-04 17:00:00,2.0239105,-0.25131226,273.08557,275.4131,0.0,0.0,0.0,0.0,3.5999988e-12,4347.0
2025-02-04 18:00:00,1.8149872,0.29093933,272.6781,274.58032,0.0,0.0,0.0,0.0,3.5999988e-12,4665.0
2025-02-04 19:00:00,1.8035278,0.8366394,272.4525,274.50415,0.0,0.0,0.0,0.0,3.5999988e-12,28562.0
2025-02-04 20:00:00,1.9955292,1.2104645,272.4571,274.27698,0.0,0.0,0.0,0.0,3.5999988e-12,48442.0
2025-02-04 21:00:00,2.1175842,0.9000702,271.912,274.5409,0.0,0.0,0.0,0.0,3.5999988e-12,48879.0
2025-02-04 22:00:00,1.9895325,0.52778625,272.24646,274.61975,0.055603027,0.0,0.0,0.0,3.5999988e-12,23238.0
2025-02-04 23:00:00,1.787323,0.5713501,272.3546,274.99377,0.0,0.0,0.0,0.0,5760.0,3615.0
2025-02-05 00:00:00,1.1700745,1.12146,272.96674,275.18066,0.0,0.0,0.0,0.0,312768.0,-19765.0
2025-02-05 01:00:00,1.6823883,1.2675018,271.84143,275.8097,0.76641846,0.0,0.0,0.0,919040.0,-165749.0
2025-02-05 02:00:00,2.490509,2.107544,272.40015,281.0459,0.63983154,0.0,0.016143799,0.0,1461312.0,-350381.0
2025-02-05 03:00:00,3.9537048,1.5118713,272.65625,282.33337,0.57644653,0.0,0.019989014,0.0,1861696.0,-514259.0
2025-02-05 04:00:00,5.3735046,-0.5226898,272.71698,283.114,0.6786499,0.0,0.019989014,2.4318695e-05,2031296.0,-600831.0
2025-02-05 05:00:00,6.3141937,-2.4692535,270.85754,284.1931,0.9647827,0.115997314,0.11175537,0.0,2159680.0,-661019.0
2025-02-05 06:00:00,6.1259003,-3.2975159,269.26917,284.6682,0.69143677,0.076660156,0.06222534,0.0,1816576.0,-518923.0
2025-02-05 07:00:00,5.62735,-3.910263,268.479,284.8656,0.4373169,0.018432617,0.24142456,0.0,1479040.0,-360147.0
2025-02-05 08:00:00,3.710556,-4.4787292,267.68384,283.16626,0.4760437,0.0,0.15454102,0.0,961792.0,-129454.0
2025-02-05 09:00:00,0.67889404,-4.6618958,268.37524,282.14648,0.25942993,0.0,0.043121338,0.0,408384.0,66901.0
2025-02-05 10:00:00,-1.3617096,-4.5814056,270.1416,278.0039,0.25759888,0.0,0.64608765,0.0,35136.0,116985.0
2025-02-05 11:00:00,-1.5497894,-4.600647,271.0431,276.76953,0.11917114,0.0,0.7385864,0.0,3.5999988e-12,77757.0
2025-02-05 12:00:00,-1.3029938,-4.0415497,271.1405,276.7505,0.06008911,0.0,0.0211792,0.0,3.5999988e-12,61471.0
2025-02-05 13:00:00,-0.8559723,-3.8902893,271.13245,276.63812,0.009063721,0.0,0.0,0.0,3.5999988e-12,69519.0
2025-02-05 14:00:00,-0.8328552,-3.9792633,270.54858,275.7564,0.0030212402,0.0,0.0,0.0,3.5999988e-12,68294.0
2025-02-05 15:00:00,-0.97229004,-3.3636322,270.37622,275.2787,0.0,0.0,0.0,0.0,3.5999988e-12,62651.0
2025-02-05 16:00:00,-0.6675415,-2.9650269,270.32635,275.3988,0.0,0.0,0.0,0.0,3.5999988e-12,47870.0
2025-02-05 17:00:00,-0.27664185,-2.4166412,270.01892,274.00647,0.0,0.0,0.0,0.0,3.5999988e-12,32288.0
2025-02-05 18:00:00,-0.49325562,-1.9969025,269.80908,274.04108,0.0,0.0,0.0,0.0,3.5999988e-12,23946.0
2025-02-05 19:00:00,-0.27211,-1.646759,270.03174,274.011,0.0,0.0,0.0,0.0,3.5999988e-12,14405.0
2025-02-05 20:00:00,0.37503052,-1.4439087,269.833,273.35107,0.0,0.0,0.0,0.0,3.5999988e-12,942.0
2025-02-05 21:00:00,0.7164459,-1.1937866,270.0642,274.11157,0.0,0.0,0.0,0.0,3.5999988e-12,1167.0
2025-02-05 22:00:00,1.2460022,-0.42778015,270.74963,274.1997,0.0,0.0,0.0,0.0,3.5999988e-12,607.0
2025-02-05 23:00:00,1.2016449,-0.6220703,271.01514,273.9944,0.0,0.0,0.0,0.0,6592.0,1046.0
2025-02-06 00:00:00,1.1728821,-0.12947083,271.04565,274.85754,0.17059326,0.0,0.048797607,0.0,325440.0,-34094.0
2025-02-06 01:00:00,0.7457733,-0.16023254,267.08844,275.40503,0.0,0.0,0.0,0.0,946368.0,-210981.0
2025-02-06 02:00:00,1.6490173,-0.904541,265.2141,278.92834,0.0,0.0,0.1880188,0.0,1544128.0,-436410.0
2025-02-06 03:00:00,1.7331848,-0.7774048,264.7577,279.3766,0.0,0.0,0.30273438,0.0,1999808.0,-626300.0
2025-02-06 04:00:00,1.3075409,-0.3109436,264.1917,279.59998,0.0,0.0,0.0,0.0,2256448.0,-723036.0
2025-02-06 05:00:00,1.2701263,-0.66452026,263.37402,281.19727,0.0062561035,0.0,0.0,0.0,2287552.0,-714853.0
2025-02-06 06:00:00,1.3164825,-0.69073486,263.02124,281.01514,0.02999878,0.0,0.0060424805,0.0,2081728.0,-622625.0
2025-02-06 07:00:00,1.6862946,-0.16011047,263.48987,281.1366,0.013122559,0.0,0.29388428,0.0,1662336.0,-419847.0
2025-02-06 08:00:00,1.5818329,0.010726929,263.08813,280.47638,0.21972656,0.0,0.9762573,0.0,1054400.0,-201914.0
2025-02-06 09:00:00,0.38323975,0.38023376,266.9668,280.20642,0.22341919,0.0,0.9809265,0.0,374144.0,-40.0
2025-02-06 10:00:00,0.055541992,1.1979675,268.0692,278.7704,0.10647583,0.0,0.97488403,0.0,34176.0,39733.0
2025-02-06 11:00:00,0.15948486,1.9843597,268.4004,278.70645,0.16186523,0.0,0.9909363,0.0,3.5999988e-12,39795.0
2025-02-06 12:00:00,0.4577484,2.225357,269.14697,278.47906,0.113708496,0.0,0.98709106,0.0,3.5999988e-12,40813.0
2025-02-06 13:00:00,0.608078,2.09758,269.99512,278.1546,0.11364746,0.0,1.0,0.0,3.5999988e-12,40656.0
2025-02-06 14:00:00,0.80107117,1.9988556,270.271,276.91992,0.1748352,0.0,0.98791504,0.0,3.5999988e-12,42097.0
2025-02-06 15:00:00,1.3319397,1.6602325,270.53577,276.79633,0.0,0.0,0.1899414,0.0,3.5999988e-12,48843.0
2025-02-06 16:00:00,1.4317322,1.717804,270.43445,276.45276,0.0,0.0,0.0,0.0,3.5999988e-12,68044.0
2025-02-06 17:00:00,1.9679871,1.7327576,270.70593,276.0056,0.0,0.0,0.0,0.0,3.5999988e-12,82277.0
2025-02-06 18:00:00,2.3588715,1.3897552,270.4497,276.0857,0.0,0.0,0.0,0.0,3.5999988e-12,97907.0
2025-02-06 19:00:00,3.2150574,0.80015564,270.49866,276.443,0.0,0.0,0.0,0.0,3.5999988e-12,99592.0
2025-02-06 20:00:00,3.8386536,-0.043411255,270.17688,276.50623,0.0,0.0,0.0,0.0,3.5999988e-12,122979.0
2025-02-06 21:00:00,4.164215,-0.799057,270.20593,276.75952,0.0,0.0,0.0,0.0,3.5999988e-12,141347.0
2025-02-06 22:00:00,3.7809753,-1.6493683,269.06104,276.05054,0.0,0.0,0.0,0.0,3.5999988e-12,151162.0
2025-02-06 23:00:00,3.6045837,-4.346283,269.35925,276.25586,0.0,0.028625488,0.0,0.0,7552.0,163587.0
2025-02-07 00:00:00,2.2262573,-7.235504,270.56775,275.9585,0.0,0.20684814,0.0,0.0,329344.0,-19992.0
2025-02-07 01:00:00,2.1847076,-8.695053,270.99207,276.21796,0.0,0.8713684,0.0,4.7683716e-07,910144.0,-399761.0
2025-02-07 02:00:00,2.471756,-8.596985,267.94287,276.28223,0.0,0.96276855,0.0,4.7683716e-07,1138496.0,-598437.0
2025-02-07 03:00:00,3.4789429,-8.01918,266.05127,276.35596,0.0,0.7735901,0.0,0.0,1548544.0,-878975.0
2025-02-07 04:00:00,3.9311676,-7.2100677,262.9746,276.29883,0.0,0.08026123,0.0,0.0,1938304.0,-1070344.0
2025-02-07 05:00:00,4.214096,-7.109741,260.78693,276.05786,0.0,0.030792236,0.0,0.0,2292544.0,-1172284.0
2025-02-07 06:00:00,4.02684,-7.4759064,259.5362,275.93286,0.0,0.030792236,0.0,0.0,2119808.0,-1084839.0
2025-02-07 07:00:00,3.3754883,-7.5739594,259.2884,275.18103,0.0,0.023101807,0.0,0.0,1657088.0,-901746.0
2025-02-07 08:00:00,2.7203674,-7.5720673,258.1494,273.64325,0.0,0.046173096,0.0,0.0,1108544.0,-607932.0
2025-02-07 09:00:00,2.1463928,-7.3222656,258.50638,272.97272,0.0,0.13360596,0.0,0.0,480768.0,-271867.0
2025-02-07 10:00:00,1.5685577,-5.7267303,258.5589,271.31848,0.0,0.056915283,0.0,0.0,42368.0,-52465.0
2025-02-07 11:00:00,1.5075684,-5.3353424,258.41638,271.2873,0.0030212402,0.0115356445,0.0,0.0,3.5999988e-12,-11370.0
2025-02-07 12:00:00,1.6167908,-4.7615204,258.0254,271.18115,0.0060424805,0.0,0.0,0.0,3.5999988e-12,-1686.0
2025-02-07 13:00:00,1.9864502,-4.8739624,257.5214,270.96948,0.0,0.0,0.0,0.0,3.5999988e-12,7894.0
2025-02-07 14:00:00,2.2374878,-4.9772644,255.96095,270.25885,0.0,0.0,0.0,0.0,3.5999988e-12,12552.0
2025-02-07 15:00:00,2.4457245,-4.7052917,255.3259,270.2135,0.0,0.0,0.0,0.0,3.5999988e-12,13525.0
2025-02-07 16:00:00,2.8388214,-4.6570587,254.91057,269.99432,0.0,0.0,0.0,0.0,3.5999988e-12,14822.0
2025-02-07 17:00:00,3.0975647,-4.1591797,254.48717,269.29395,0.0,0.0,0.0,0.0,3.5999988e-12,11220.0
2025-02-07 18:00:00,3.3134613,-3.7558289,254.60574,269.13892,0.0,0.0,0.0,0.0,3.5999988e-12,8022.0
2025-02-07 19:00:00,3.5900574,-3.9564514,254.69998,269.03308,0.0,0.015411377,0.0,0.0,3.5999988e-12,-4296.0
2025-02-07 20:00:00,3.7078552,-3.7409058,254.80527,268.26147,0.0,0.0076904297,0.0,0.0,3.5999988e-12,-7743.0
2025-02-07 21:00:00,3.8143005,-3.4943085,254.81197,268.2307,0.0,0.0038452148,0.0,0.0,3.5999988e-12,-14635.0
2025-02-07 22:00:00,4.093994,-2.5953217,255.60664,268.47986,0.0,0.03463745,0.0,0.0,3.5999988e-12,-21586.0
2025-02-07 23:00:00,4.4566193,-3.0233307,256.10205,268.6698,0.0,0.03463745,0.0,0.0,8640.0,-27702.0
2025-02-08 00:00:00,4.534088,-3.3563232,257.43652,269.29083,0.0,0.076690674,0.0,0.0,339968.0,-182218.0
2025-02-08 01:00:00,4.1945343,-4.104294,259.0681,270.06525,0.0,0.072021484,0.0,0.0,974720.0,-481054.0
2025-02-08 02:00:00,3.8587646,-4.6752167,260.98706,272.84906,0.0,0.057434082,0.0,0.0,1572224.0,-759838.0
2025-02-08 03:00:00,3.202118,-4.743744,261.11816,273.26996,0.0,0.053588867,0.0,0.0,2003776.0,-956227.0
2025-02-08 04:00:00,2.6982117,-4.7516937,260.49084,273.76727,0.0,0.36453247,0.0,0.0,2255808.0,-1056064.0
2025-02-08 05:00:00,2.3857727,-4.6671906,260.3064,274.8291,0.0,0.50631714,0.0,0.0,2252160.0,-1052083.0
2025-02-08 06:00:00,2.0002441,-4.619751,259.73148,274.9309,0.0,0.49520874,0.0,0.0,2027648.0,-945513.0
2025-02-08 07:00:00,1.5877228,-4.497986,259.6626,274.86926,0.0,0.37451172,0.0,0.0,1646784.0,-731996.0
2025-02-08 08:00:00,0.95726013,-4.32045,259.70865,274.38193,0.0,0.22320557,0.0,0.0,1085504.0,-442886.0
2025-02-08 09:00:00,0.57154846,-3.9472656,259.84113,274.06424,0.0,0.015411377,0.0,0.0,486208.0,-130253.0
2025-02-08 10:00:00,0.54393005,-2.6334076,260.9077,272.71283,0.0,0.0,0.0,0.0,46592.0,50031.0
2025-02-08 11:00:00,0.025314331,-2.6786652,261.91333,272.4679,0.0,0.0,0.0,0.0,3.5999988e-12,48990.0
2025-02-08 12:00:00,0.21463013,-2.621582,262.78345,272.12384,0.0,0.0,0.0,0.0,3.5999988e-12,45000.0
2025-02-08 13:00:00,0.021652222,-2.5544891,263.0299,271.7802,0.0,0.0,0.0,0.0,3.5999988e-12,39815.0
2025-02-08 14:00:00,0.19448853,-2.4515076,263.6494,270.75122,0.05822754,0.0,0.0,0.0,3.5999988e-12,28834.0
2025-02-08 15:00:00,0.44581604,-2.3614655,263.7262,270.94678,0.0,0.0,0.0,0.0,3.5999988e-12,20702.0
2025-02-08 16:00:00,0.64723206,-2.11438,263.72803,270.9203,0.0,0.0,0.0,0.0,3.5999988e-12,18903.0
2025-02-08 17:00:00,1.3910675,-1.9428406,263.54968,270.4242,0.13183594,0.0,0.0,0.0,3.5999988e-12,22972.0
2025-02-08 18:00:00,1.5709229,-1.8695374,263.4674,270.39722,0.3979187,0.0,0.0,0.0,3.5999988e-12,26700.0
2025-02-08 19:00:00,1.5882568,-1.6948242,263.37524,270.40356,0.75213623,0.0,0.0,0.0,3.5999988e-12,17705.0
2025-02-08 20:00:00,1.5700073,-1.2840118,264.01868,269.10815,0.0,0.0,0.0,0.0,3.5999988e-12,8887.0
2025-02-08 21:00:00,1.7127228,-1.3740082,264.48175,269.06982,0.0,0.0,0.0,0.0,3.5999988e-12,7657.0
2025-02-08 22:00:00,2.161499,-1.4274902,265.03577,270.21326,0.0,0.0,0.0,0.0,3.5999988e-12,29869.0
2025-02-08 23:00:00,2.096939,-1.3407288,264.86328,270.06482,0.0,0.0,0.0,0.0,9984.0,31139.0
2025-02-09 00:00:00,1.9548645,-1.4493561,263.80957,271.25574,0.0,0.0,0.0,0.0,362432.0,-73037.0
2025-02-09 01:00:00,1.8013153,-1.9473572,258.58398,272.01392,0.0,0.0,0.0,0.0,1011008.0,-304384.0
2025-02-09 02:00:00,1.6121826,-1.9399872,257.04166,274.9812,0.0,0.0,0.0,0.0,1636096.0,-550068.0
2025-02-09 03:00:00,1.9328613,-2.2289734,257.44012,275.47888,0.0,0.0,0.0,0.0,2095744.0,-746572.0
2025-02-09 04:00:00,1.8917542,-2.4561157,257.9762,275.9112,0.0,0.0,0.0,0.0,2354944.0,-871708.0
2025-02-09 05:00:00,1.4402466,-2.6802826,258.3651,277.2055,0.0,0.0,0.0,0.0,2387520.0,-892767.0
2025-02-09 06:00:00,0.81251526,-2.760971,258.7237,277.4419,0.0,0.0,0.0,0.0,2181440.0,-789663.0
2025-02-09 07:00:00,0.766037,-2.8266144,258.75055,277.36462,0.0,0.0,0.0,0.0,1765120.0,-601084.0
2025-02-09 08:00:00,0.28709412,-2.8665924,259.3247,277.1552,0.0,0.0,0.0,0.0,1186496.0,-338961.0
2025-02-09 09:00:00,-0.66845703,-2.2334747,259.32056,276.86224,0.0,0.0,0.0,0.0,530816.0,-57795.0
2025-02-09 10:00:00,-1.4879303,-1.2589722,263.51587,274.11877,0.0,0.0,0.0,0.0,52352.0,50374.0
2025-02-09 11:00:00,-2.034195,-0.7775574,264.4275,274.26807,0.0,0.0,0.0,0.0,3.5999988e-12,64131.0
2025-02-09 12:00:00,-2.0981445,-0.45463562,265.0371,273.97644,0.39300537,0.0,0.0,0.0,3.5999988e-12,69222.0
2025-02-09 13:00:00,-2.0401154,-0.17929077,265.6513,273.29083,0.37106323,0.0,0.0,0.0,3.5999988e-12,56776.0
2025-02-09 14:00:00,-1.7023926,0.05140686,267.11853,272.08826,0.12619019,0.0,0.0,0.0,3.5999988e-12,29030.0
2025-02-09 15:00:00,-2.4062195,0.39923096,267.06903,272.61963,0.10800171,0.0,0.037322998,0.0,3.5999988e-12,11867.0
2025-02-09 16:00:00,-2.2621002,0.44685364,266.99774,272.78406,0.7520752,0.0,0.023834229,0.0,3.5999988e-12,6176.0
2025-02-09 17:00:00,-1.9925385,0.15718079,267.52753,272.32153,0.8748474,0.0,0.051971436,0.0,3.5999988e-12,4899.0
2025-02-09 18:00:00,-1.7658691,-0.20657349,267.49042,271.91296,0.8475342,0.0,0.0062561035,0.0,3.5999988e-12,4595.0
2025-02-09 19:00:00,-1.5587769,-0.7023926,267.70197,271.32373,0.8290405,0.0,0.40512085,0.0,3.5999988e-12,7207.0
2025-02-09 20:00:00,-1.9151001,-0.6541443,267.8028,270.51135,0.6376343,0.0,0.8378601,0.0,3.5999988e-12,7958.0
2025-02-09 21:00:00,-2.1099243,-0.21826172,267.87036,271.06116,0.0,0.0,0.66052246,0.0,3.5999988e-12,10858.0
2025-02-09 22:00:00,-2.0162964,0.24745178,268.44775,272.51282,0.0,0.0,0.33169556,0.0,3.5999988e-12,16264.0
2025-02-09 23:00:00,-2.0131683,0.40190125,268.47473,273.02515,0.0,0.0,0.18710327,0.0,10560.0,22016.0
2025-02-10 00:00:00,-2.1578827,0.5368042,268.07208,274.35834,0.0,0.0,0.026367188,0.0,345280.0,-8182.0
2025-02-10 01:00:00,-2.1631012,0.8041382,265.5727,274.96063,0.0,0.0,0.07626343,0.0,931392.0,-175442.0
2025-02-10 02:00:00,-2.0065308,0.82321167,264.8062,278.30603,0.0,0.0,0.0211792,0.0,1531648.0,-401928.0
2025-02-10 03:00:00,-2.436737,0.59521484,265.3183,278.8933,0.0,0.0,0.0,0.0,2022080.0,-618917.0
2025-02-10 04:00:00,-2.412674,0.3565979,265.3623,279.1656,0.0,0.0,0.0,0.0,2275264.0,-742997.0
2025-02-10 05:00:00,-2.537384,0.9366455,264.9486,280.74133,0.0,0.0,0.0,0.0,2302400.0,-772726.0
2025-02-10 06:00:00,-2.8080444,1.460968,265.02258,280.9889,0.0,0.0,0.0,0.0,2103232.0,-692255.0
2025-02-10 07:00:00,-3.1536255,1.5189819,265.35107,281.01807,0.0,0.0,0.0,0.0,1705408.0,-530646.0
2025-02-10 08:00:00,-3.5693207,1.4950256,265.7257,280.4845,0.0,0.0,0.0,0.0,1145664.0,-298009.0
2025-02-10 09:00:00,-3.3281097,1.2241364,267.8546,279.78223,0.0,0.0,0.0031433105,0.0,514688.0,-39284.0
2025-02-10 10:00:00,-2.9255066,0.97164917,268.6222,277.67578,0.0,0.0,0.0,0.0,52672.0,108997.0
2025-02-10 11:00:00,-2.6980133,1.1761932,269.49194,277.41437,0.0,0.0,0.0,0.0,3.5999988e-12,109877.0
2025-02-10 12:00:00,-2.4450684,1.4991913,270.21277,277.2782,0.0,0.0,0.0,0.0,3.5999988e-12,109122.0
2025-02-10 13:00:00,-2.4325714,1.5557709,271.01672,277.43164,0.0,0.0,0.0,0.0,3.5999988e-12,113945.0
2025-02-10 14:00:00,-2.3647308,1.6631775,272.22437,277.2948,0.0,0.0,0.012084961,0.0,3.5999988e-12,119989.0
2025-02-10 15:00:00,-2.2641907,1.8940582,272.93994,277.8988,0.0,0.0,0.09857178,0.0,3.5999988e-12,127889.0
2025-02-10 16:00:00,-2.3805542,2.0892487,273.4286,278.17578,0.0,0.0,0.29464722,0.0,3.5999988e-12,130464.0
2025-02-10 17:00:00,-2.5078125,2.2842255,274.5918,278.91052,0.0,0.0,0.76260376,0.0,3.5999988e-12,132910.0
2025-02-10 18:00:00,-2.6861115,2.6255646,275.03888,279.4204,0.0,0.0,0.95999146,0.0,3.5999988e-12,129097.0
2025-02-10 19:00:00,-2.5901337,3.0866547,275.2677,279.82483,0.0,0.0,0.9512634,1.9073486e-06,3.5999988e-12,108804.0
2025-02-10 20:00:00,-2.3586578,3.0467987,276.08282,280.43835,0.0038452148,0.0,0.8501282,1.6212463e-05,3.5999988e-12,113890.0
2025-02-10 21:00:00,-2.498291,3.0903473,275.9967,280.51807,0.0,0.0,0.8922119,2.4795532e-05,3.5999988e-12,113312.0
2025-02-10 22:00:00,-3.2594757,2.4657135,276.649,281.2577,0.0,0.0,0.9627991,5.4836273e-05,3.5999988e-12,117577.0
2025-02-10 23:00:00,-3.47023,2.683731,276.79236,281.1018,0.0,0.0,1.0,6.246567e-05,2496.0,121749.0
2025-02-11 00:00:00,-3.5132904,3.5012817,276.81744,280.85724,0.0,0.0,0.98605347,3.1471252e-05,44288.0,108479.0
2025-02-11 01:00:00,-3.3065186,3.6620789,276.7362,280.75674,0.0,0.0,0.9752197,1.2397766e-05,188224.0,65466.0
2025-02-11 02:00:00,-3.4906464,3.9461975,277.10254,282.0669,0.0,0.0,1.0,1.9073486e-06,263488.0,39144.0
2025-02-11 03:00:00,-3.6966705,3.965088,277.16223,282.3498,0.0,0.0,0.98605347,0.0,433280.0,-32741.0
2025-02-11 04:00:00,-3.592453,3.9615173,277.13324,281.99646,0.0,0.0,1.0,1.4305115e-06,281856.0,22919.0
2025-02-11 05:00:00,-3.8088684,4.594406,277.86658,283.13,0.0,0.0,1.0,4.7683716e-07,314944.0,4209.0
2025-02-11 06:00:00,-3.7015686,4.5607452,277.72797,283.34888,0.0,0.0,1.0,0.0,379392.0,-28231.0
2025-02-11 07:00:00,-3.508667,4.9112244,277.7691,284.04956,0.0,0.0,1.0,0.00016880035,174656.0,88736.0
2025-02-11 08:00:00,-3.3777618,5.051239,278.9566,283.0478,0.010101318,0.0,1.0,0.0003671646,127104.0,137287.0
2025-02-11 09:00:00,-2.7780762,5.156662,279.38657,282.794,0.013946533,0.020935059,1.0,0.00079250336,57280.0,178523.0
2025-02-11 10:00:00,-1.8727722,4.3216553,280.51505,282.8698,0.0,0.07583618,1.0,0.0010223389,10048.0,175153.0
2025-02-11 11:00:00,-1.7137299,4.3237,280.5675,282.8921,0.0,0.08618164,1.0,0.0004544258,3.5999988e-12,159520.0
2025-02-11 12:00:00,-1.3581238,4.5483093,280.70737,283.0609,0.0,0.5975647,0.9624634,0.0003681183,3.5999988e-12,158132.0
2025-02-11 13:00:00,-1.0655365,4.9673157,280.78006,283.2807,0.0,0.11929321,1.0,0.00023174286,3.5999988e-12,158419.0
2025-02-11 14:00:00,-0.21606445,4.604492,281.5313,283.36414,0.0,0.041168213,1.0,0.00047016144,3.5999988e-12,155250.0
2025-02-11 15:00:00,0.5251007,4.209717,281.80035,283.37988,0.0,0.015106201,1.0,0.00095939636,3.5999988e-12,128089.0
2025-02-11 16:00:00,1.1842499,3.4620972,281.78625,283.23834,0.0,0.009063721,0.98791504,0.0008339882,3.5999988e-12,105893.0
2025-02-11 17:00:00,1.7933502,2.7133942,281.51068,282.77695,0.0,0.009063721,1.0,0.0002670288,3.5999988e-12,91652.0
2025-02-11 18:00:00,2.2782288,1.9296875,281.30386,282.60355,0.0,0.0,1.0,6.055832e-05,3.5999988e-12,80215.0
2025-02-11 19:00:00,3.339798,0.3908844,281.36514,282.75885,0.0,0.14511108,1.0,0.00012683868,3.5999988e-12,79355.0
2025-02-11 20:00:00,3.7967987,-1.0458374,281.1879,282.5238,0.0,0.072784424,1.0,3.4332275e-05,3.5999988e-12,88814.0
2025-02-11 21:00:00,3.692688,-1.6350555,280.77228,282.3954,0.0,0.0,1.0,4.339218e-05,3.5999988e-12,91529.0
2025-02-11 22:00:00,3.4470825,-1.3452911,279.9418,282.01782,0.0,0.2937317,0.8640137,1.001358e-05,3.5999988e-12,84902.0
2025-02-11 23:00:00,4.2686462,-2.12529,279.65256,282.0849,0.0,0.58724976,0.9627991,1.1920929e-05,2816.0,78633.0
2025-02-12 00:00:00,4.8763123,-3.1322327,279.28,281.61792,0.0062561035,0.22518921,0.95635986,2.4318695e-05,60608.0,70713.0
2025-02-12 01:00:00,4.301697,-3.2164917,278.96326,281.3441,0.0069885254,0.0,0.96990967,1.859665e-05,212736.0,14914.0
2025-02-12 02:00:00,4.167389,-3.2371063,277.61462,281.65314,0.0,0.27142334,0.98605347,8.106232e-06,449408.0,-81574.0
2025-02-12 03:00:00,4.404251,-3.3611908,277.14355,281.29858,0.0,0.3242798,0.9095154,9.536743e-07,504384.0,-124047.0
2025-02-12 04:00:00,4.6701355,-3.9254303,276.84534,281.4756,0.0,0.5932007,0.9937439,0.0,476480.0,-120498.0
2025-02-12 05:00:00,4.2354736,-4.2621307,276.07214,281.76276,0.0,0.64468384,0.98605347,0.0,667584.0,-173541.0
2025-02-12 06:00:00,3.6472626,-4.460907,276.06403,282.02527,0.0,0.9321289,1.0,0.0,489216.0,-86385.0
2025-02-12 07:00:00,2.710144,-4.441437,276.40604,282.05713,0.0,1.0,1.0,1.4305115e-06,292864.0,-18364.0
2025-02-12 08:00:00,1.7269897,-4.2803802,275.9655,281.86963,0.0,0.9906311,1.0,4.7683716e-06,182400.0,23188.0
2025-02-12 09:00:00,1.1443634,-5.01532,276.19995,281.8435,0.0,0.9635315,0.9854431,2.861023e-06,82432.0,52449.0
2025-02-12 10:00:00,0.74334717,-5.003372,275.56903,280.427,0.0,0.7915344,0.9923096,4.7683716e-06,8704.0,70678.0
2025-02-12 11:00:00,0.15583801,-5.6009827,274.516,280.349,0.0,0.31826782,0.97836304,9.536743e-07,3.5999988e-12,65648.0
2025-02-12 12:00:00,0.2856903,-5.7227173,273.6079,279.98456,0.0,0.0690918,0.9961548,0.0,3.5999988e-12,69359.0
2025-02-12 13:00:00,0.3000641,-5.772827,272.87152,279.5108,0.0,0.012298584,0.88290405,0.0,3.5999988e-12,48165.0
2025-02-12 14:00:00,0.06378174,-5.4377594,272.28204,278.67853,0.0,0.02178955,0.66345215,0.0,3.5999988e-12,63506.0
2025-02-12 15:00:00,0.03881836,-4.6712036,272.61157,278.31403,0.0,0.0031433105,0.28927612,0.0,3.5999988e-12,98480.0
2025-02-12 16:00:00,-0.08407593,-4.1058655,273.2129,278.05414,0.0,0.0,0.0060424805,0.0,3.5999988e-12,115713.0
2025-02-12 17:00:00,-0.07783508,-3.6753235,272.69638,277.57977,0.0,0.0,0.0,0.0,3.5999988e-12,111466.0
2025-02-12 18:00:00,-0.008773804,-3.1793823,272.7134,277.3623,0.0,0.03753662,0.0,0.0,3.5999988e-12,99020.0
2025-02-12 19:00:00,0.08558655,-2.960907,273.0603,277.43872,0.0,0.015625,0.0,0.0,3.5999988e-12,74920.0
2025-02-12 20:00:00,0.13607788,-2.6568604,272.53394,277.04047,0.0,0.0,0.0,0.0,3.5999988e-12,77434.0
2025-02-12 21:00:00,0.26513672,-2.4121704,272.79785,277.12134,0.0,0.0031433105,0.0,0.0,3.5999988e-12,66313.0
2025-02-12 22:00:00,0.30574036,-2.6458893,272.87952,276.96484,0.0,0.0,0.0,0.0,3.5999988e-12,55944.0
2025-02-12 23:00:00,-0.091934204,-2.8756866,272.47375,276.87762,0.0,0.0,0.0,0.0,14720.0,53213.0
2025-02-13 00:00:00,-0.8109436,-2.7651215,271.55505,277.83905,0.0,0.0,0.0,0.0,381312.0,-16722.0
2025-02-13 01:00:00,-2.2720184,-3.5845642,268.39014,278.17963,0.0,0.0,0.0,0.0,1022912.0,-229755.0
2025-02-13 02:00:00,-2.4334564,-3.40654,267.18164,280.38263,0.0,0.0,0.0,0.0,1627584.0,-500764.0
2025-02-13 03:00:00,-2.2023315,-2.7967834,267.80005,280.95825,0.0,0.0,0.0,0.0,2086592.0,-709505.0
2025-02-13 04:00:00,-1.7030487,-2.1477203,268.2611,281.1266,0.0,0.0,0.0,0.0,2342720.0,-817159.0
2025-02-13 05:00:00,-1.5969696,-1.813858,268.10352,282.02173,0.0,0.0,0.0,0.0,2370240.0,-813383.0
2025-02-13 06:00:00,-1.606308,-1.3539276,268.16577,281.89795,0.0,0.0,0.0,0.0,2169024.0,-718025.0
2025-02-13 07:00:00,-1.4470825,-0.7324066,268.4375,281.83655,0.0,0.0,0.0,0.0,1752128.0,-517338.0
2025-02-13 08:00:00,-1.4174652,-0.5509033,268.9463,281.1311,0.0,0.0,0.0,0.0,1185472.0,-289510.0
2025-02-13 09:00:00,-2.0391693,-0.530365,269.13306,280.7019,0.0,0.0,0.0,0.0,545408.0,-53464.0
2025-02-13 10:00:00,-2.4563904,-0.26435852,270.66034,277.9292,0.0,0.0,0.0,0.0,62912.0,73221.0
2025-02-13 11:00:00,-2.7102356,0.23239136,271.14203,277.81287,0.0,0.0,0.0,0.0,3.5999988e-12,85759.0
2025-02-13 12:00:00,-2.4589233,0.29666138,271.13916,277.73038,0.0,0.0,0.0,0.0,3.5999988e-12,76769.0
2025-02-13 13:00:00,-1.9397583,0.9904938,271.32626,277.76605,0.0,0.0,0.0,0.0,3.5999988e-12,71120.0
2025-02-13 14:00:00,-1.724289,1.2998352,271.13608,276.5141,0.0,0.0,0.0,0.0,3.5999988e-12,68836.0
2025-02-13 15:00:00,-1.7324066,1.3339081,271.56393,276.39856,0.0,0.0,0.01373291,0.0,3.5999988e-12,65161.0
2025-02-13 16:00:00,-1.6423645,1.1812134,271.73993,276.0171,0.0,0.0,0.0,0.0,3.5999988e-12,57215.0
2025-02-13 17:00:00,-1.6246796,1.0054626,271.9698,275.28955,0.0,0.0,0.0,0.0,3.5999988e-12,42929.0
2025-02-13 18:00:00,-2.1887665,1.2679749,272.49628,276.4298,0.0,0.0,0.015106201,0.0,3.5999988e-12,52711.0
2025-02-13 19:00:00,-2.269043,0.858551,272.48407,276.09607,0.0,0.0,0.18795776,0.0,3.5999988e-12,19070.0
2025-02-13 20:00:00,-2.3226929,0.26226807,273.07544,276.32837,0.050048828,0.0,0.934021,0.0,3.5999988e-12,18860.0
2025-02-13 21:00:00,-1.71521,0.29631042,273.37146,276.62354,0.014678955,0.0,1.0,0.0,3.5999988e-12,31065.0
2025-02-13 22:00:00,-1.8072205,0.51057434,274.2445,278.86182,0.0,0.0,1.0,0.0,3.5999988e-12,22997.0
2025-02-13 23:00:00,-2.185135,0.8357849,274.45166,279.0699,0.0,0.0,0.97436523,0.0004081726,3520.0,20264.0
2025-02-14 00:00:00,-2.3162994,1.1728821,274.9306,279.0285,0.0,0.0,0.82141113,7.247925e-05,129600.0,18098.0
2025-02-14 01:00:00,-2.6272278,1.5485077,275.2339,278.6452,0.013031006,0.0,0.627655,2.527237e-05,148928.0,5940.0
2025-02-14 02:00:00,-2.9669495,2.2595062,274.88934,280.9953,0.010009766,0.02218628,0.8869934,0.0,440000.0,-73614.0
2025-02-14 03:00:00,-2.708191,2.5743256,274.66968,281.0102,0.006164551,0.0,1.0,0.0,612480.0,-139136.0
2025-02-14 04:00:00,-2.3945312,2.744522,274.43347,280.97858,0.2612915,0.0,1.0,0.0,720064.0,-201426.0
2025-02-14 05:00:00,-1.8484344,2.4167938,274.6947,281.7129,0.96069336,0.0,1.0,0.0,863936.0,-250323.0
2025-02-14 06:00:00,-1.9336853,1.7936249,274.76477,281.7744,0.92904663,0.0,1.0,0.0,817472.0,-244639.0
2025-02-14 07:00:00,-1.9888763,1.1833954,274.9773,281.79614,0.89297485,0.01675415,0.93795776,0.00067329407,332544.0,-30193.0
2025-02-14 08:00:00,-2.270523,1.3891449,275.54944,281.24176,0.58654785,0.012084961,0.59368896,0.00038290024,479552.0,-47727.0
2025-02-14 09:00:00,-2.2127838,1.3793335,276.33008,281.02264,0.40841675,0.09213257,0.9590454,0.0010023117,221824.0,29688.0
2025-02-14 10:00:00,-2.1936188,1.0211029,277.8877,279.74933,0.62179565,0.32843018,0.9807739,0.0005054474,21184.0,60126.0
2025-02-14 11:00:00,-2.060196,1.082901,278.09717,280.18686,0.6361084,0.5612793,0.87231445,0.00010919571,3.5999988e-12,45480.0
2025-02-14 12:00:00,-2.4109955,1.3456879,278.19873,280.20502,0.40078735,0.77175903,0.9255066,8.1539154e-05,3.5999988e-12,47999.0
2025-02-14 13:00:00,-2.1739044,1.3199005,278.19922,280.3121,0.28808594,1.0,1.0,6.389618e-05,3.5999988e-12,51201.0
2025-02-14 14:00:00,-2.4197998,0.78533936,278.47345,280.31586,0.0076904297,1.0,1.0,0.00032520294,3.5999988e-12,49341.0
2025-02-14 15:00:00,-2.3652039,0.7703552,278.63544,280.2841,0.0,1.0,1.0,0.00045108795,3.5999988e-12,43994.0
2025-02-14 16:00:00,-2.5516968,1.2340546,278.6873,280.33517,0.0,1.0,1.0,0.00017356873,3.5999988e-12,41597.0
2025-02-14 17:00:00,-2.4626007,1.6764526,279.0593,280.59665,0.02722168,1.0,1.0,4.5776367e-05,3.5999988e-12,46433.0
2025-02-14 18:00:00,-2.364914,2.1875,279.12845,280.84875,0.11047363,0.9767761,0.98049927,1.6212463e-05,3.5999988e-12,55155.0
2025-02-14 19:00:00,-1.9122314,2.4196625,279.2771,281.0041,0.0,0.96881104,0.98220825,1.335144e-05,3.5999988e-12,58679.0
2025-02-14 20:00:00,-1.312561,2.1828613,279.576,280.9228,0.0,0.99697876,1.0,1.5735626e-05,3.5999988e-12,52135.0
2025-02-14 21:00:00,-0.5894928,1.8622284,279.64612,280.9298,0.0,1.0,1.0,1.4305115e-05,3.5999988e-12,43871.0
2025-02-14 22:00:00,0.14842224,1.4850006,280.18277,281.51227,0.0,1.0,1.0,2.336502e-05,3.5999988e-12,26772.0
2025-02-14 23:00:00,0.3909912,0.6266022,280.14526,281.41406,0.0,1.0,1.0,5.1498413e-05,2176.0,16648.0
2025-02-15 00:00:00,0.12797546,0.2771759,280.2204,281.32495,0.29473877,1.0,1.0,4.196167e-05,28096.0,9997.0
2025-02-15 01:00:00,0.33280945,0.28849792,280.45032,281.22943,0.9400635,1.0,1.0,2.8133392e-05,97984.0,267.0
2025-02-15 02:00:00,0.96138,0.15101624,280.21332,281.16083,1.0,0.9939575,1.0,4.9591064e-05,96576.0,1501.0
2025-02-15 03:00:00,1.2788239,-0.111450195,280.07108,280.81738,1.0,1.0,1.0,0.00025892258,277568.0,-32804.0
2025-02-15 04:00:00,1.7303925,-0.08140564,280.0062,280.53833,1.0,1.0,1.0,0.00073957443,333248.0,-32623.0
2025-02-15 05:00:00,2.417572,-0.60054016,279.75153,280.75262,1.0,0.9937439,1.0,0.0011796951,321984.0,-23831.0
2025-02-15 06:00:00,2.591385,-1.0896912,279.81976,280.6106,0.99697876,1.0,1.0,0.0011487007,353280.0,-21485.0
2025-02-15 07:00:00,2.5043488,-0.8926697,280.03076,280.64008,0.98791504,1.0,1.0,0.0015254021,139008.0,11190.0
2025-02-15 08:00:00,2.4462585,-0.57144165,280.11304,280.53674,0.9901123,1.0,1.0,0.0011119843,78144.0,21440.0
2025-02-15 09:00:00,2.1628723,-0.3393097,279.95935,280.7594,0.99697876,0.62564087,0.9773865,0.0007762909,63296.0,23935.0
2025-02-15 10:00:00,1.6408539,0.06286621,280.03827,280.38245,0.91900635,0.02722168,0.8914795,0.000395298,12096.0,30642.0
2025-02-15 11:00:00,1.9257812,-0.058410645,279.76572,280.2633,0.012084961,0.024169922,0.20565796,0.00012350082,3.5999988e-12,40819.0
2025-02-15 12:00:00,2.1497955,-0.14886475,279.03757,279.61908,0.0,0.012084961,0.055633545,2.0503998e-05,3.5999988e-12,62467.0
2025-02-15 13:00:00,2.3642883,-0.24081421,278.81998,279.4309,0.0,0.37249756,0.04699707,4.7683716e-07,3.5999988e-12,62205.0
2025-02-15 14:00:00,2.3637085,-0.5868988,278.2437,278.78162,0.0,0.16851807,0.04953003,0.0,3.5999988e-12,66009.0
2025-02-15 15:00:00,2.2108612,-0.70069885,278.21155,278.90723,0.0,0.046173096,0.05001831,0.0,3.5999988e-12,67388.0
2025-02-15 16:00:00,2.194107,-0.8052368,278.1651,279.01282,0.7692566,0.030792236,0.009063721,0.0,3.5999988e-12,72150.0
2025-02-15 17:00:00,2.7127228,-1.2381592,277.84036,278.59338,0.8786926,0.088531494,0.0060424805,0.0,3.5999988e-12,77607.0
2025-02-15 18:00:00,2.695694,-1.5301971,277.644,278.53235,0.79507446,0.026947021,0.0,0.0,3.5999988e-12,77119.0
2025-02-15 19:00:00,2.2284393,-1.3656006,277.44287,278.26898,0.6973572,0.0038452148,0.0060424805,1.9073486e-06,3.5999988e-12,63551.0
2025-02-15 20:00:00,1.971695,-0.99157715,276.71136,277.6311,0.31555176,0.0038452148,0.0,1.9073486e-06,3.5999988e-12,59115.0
2025-02-15 21:00:00,1.9396057,-0.7476654,276.5948,277.539,0.0,0.0,0.0,9.536743e-07,3.5999988e-12,55246.0
2025-02-15 22:00:00,2.31604,-0.59931946,277.0261,278.03796,0.0,0.0,0.0,0.0,3.5999988e-12,62535.0
2025-02-15 23:00:00,2.5433044,-0.5263214,277.0857,278.1833,0.0,0.0,0.0,0.0,18944.0,77550.0
2025-02-16 00:00:00,3.0948792,-0.42671204,277.55676,278.7223,0.0,0.0,0.0,0.0,389312.0,5110.0
2025-02-16 01:00:00,2.8255768,-0.12567139,277.92474,279.79016,0.0093688965,0.0,0.0,0.0,1023168.0,-155847.0
2025-02-16 02:00:00,2.6884155,-0.37461853,277.8808,284.1925,0.0,0.0,0.0,0.0,1646592.0,-365150.0
2025-02-16 03:00:00,3.6495514,-1.0036316,277.99274,285.536,0.0,0.0,0.0,0.0,2101888.0,-525211.0
2025-02-16 04:00:00,4.0884094,-0.96847534,277.533,286.00684,0.16723633,0.0,0.0,0.0,2353152.0,-586071.0
2025-02-16 05:00:00,4.5770264,-0.5340729,275.2845,288.37964,0.7641907,0.0,0.0,0.0,2372224.0,-561909.0
2025-02-16 06:00:00,4.9385834,-0.6142273,275.4508,289.24,0.94976807,0.0,0.0062561035,0.0,1928896.0,-387704.0
2025-02-16 07:00:00,4.8456116,-0.9394531,275.62012,289.19324,0.97698975,0.0,0.13839722,0.0,1580544.0,-267686.0
2025-02-16 08:00:00,4.1073456,-1.1468658,276.00824,287.56335,0.94958496,0.0,0.5748291,0.0,859584.0,-33226.0
2025-02-16 09:00:00,3.1990356,-0.72514343,276.11414,287.47595,0.7829895,0.0,0.32058716,0.0,421824.0,83666.0
2025-02-16 10:00:00,2.5854645,-0.11216736,276.854,284.78052,0.019989014,0.0,0.066986084,0.0,65280.0,153947.0
2025-02-16 11:00:00,3.0621796,-0.12458801,276.72192,284.30408,0.0,0.0,0.0,0.0,3.5999988e-12,163259.0
2025-02-16 12:00:00,3.6994476,-0.8905792,276.10767,284.16016,0.0,0.0,0.0,0.0,3.5999988e-12,187252.0
2025-02-16 13:00:00,3.3639374,-2.8427887,275.34375,283.92065,0.0,0.0,0.03024292,0.0,3.5999988e-12,216329.0
2025-02-16 14:00:00,1.1190186,-4.902359,275.75763,281.6021,0.0093688965,0.0069885254,0.057434082,0.0,3.5999988e-12,217414.0
2025-02-16 15:00:00,-0.438797,-5.180313,276.66705,280.54712,0.0,0.051330566,0.0,0.0,3.5999988e-12,168756.0
2025-02-16 16:00:00,-0.6544647,-5.1515045,276.90216,280.15656,0.0,0.056030273,0.0,0.0,3.5999988e-12,135223.0
2025-02-16 17:00:00,-0.64460754,-5.1321106,276.41925,279.4048,0.0,0.030639648,0.0,0.0,3.5999988e-12,140377.0
2025-02-16 18:00:00,-0.67427063,-5.1436005,275.94012,279.54538,0.0,0.026031494,0.0,0.0,3.5999988e-12,153793.0
2025-02-16 19:00:00,-0.68385315,-5.221344,275.43475,279.56696,0.74627686,0.01687622,0.0,0.0,3.5999988e-12,129371.0
2025-02-16 20:00:00,-0.5690155,-4.98645,274.27094,278.64374,0.8147583,0.013031006,0.0,0.0,3.5999988e-12,138937.0
2025-02-16 21:00:00,-0.47579956,-4.4165344,274.13245,278.50867,0.7970886,0.0,0.0,0.0,3.5999988e-12,123701.0
2025-02-16 22:00:00,-0.658905,-3.6264648,274.3592,278.76065,0.4020691,0.015106201,0.0,0.0,3.5999988e-12,120717.0
2025-02-16 23:00:00,-0.50598145,-3.0501556,274.2663,278.70468,0.42944336,0.0,0.0,0.0,21888.0,101102.0
2025-02-17 00:00:00,-0.47529602,-2.8289948,274.59125,279.10574,0.047912598,0.0,0.0,0.0,414784.0,-29721.0
2025-02-17 01:00:00,-0.9173584,-3.4300385,273.3935,279.5391,0.42803955,0.023010254,0.040405273,0.0,1064192.0,-281571.0
2025-02-17 02:00:00,-1.6112823,-3.5886078,271.91187,281.84973,0.7883606,0.0,0.0,0.0,1670528.0,-544225.0
2025-02-17 03:00:00,-1.5300751,-3.8181458,271.0697,282.17822,1.0,0.015411377,0.06149292,0.0,2120960.0,-734096.0
2025-02-17 04:00:00,-1.5157013,-3.7798004,270.67908,282.3523,1.0,0.0,0.7024536,0.0,2211456.0,-797492.0
2025-02-17 05:00:00,-1.8502808,-3.6717987,269.92493,282.28674,1.0,0.0,0.9001465,0.0,1964800.0,-716529.0
2025-02-17 06:00:00,-2.0598907,-3.9356384,269.94275,281.91882,1.0,0.0,1.0,0.0,1603008.0,-578780.0
2025-02-17 07:00:00,-2.1903534,-4.085449,269.40198,281.58215,1.0,0.0,1.0,0.0,865280.0,-264567.0
2025-02-17 08:00:00,-2.29216,-3.9799194,269.7838,280.55676,1.0,0.0,1.0,0.0,470144.0,-127603.0
2025-02-17 09:00:00,-2.017929,-3.6849976,269.88623,280.31116,1.0,0.0,0.98999023,0.0,191104.0,-28544.0
2025-02-17 10:00:00,-1.2843628,-2.950882,271.25757,278.90442,1.0,0.0,1.0,0.0,25728.0,28250.0
2025-02-17 11:00:00,-0.8535156,-2.690277,271.75806,278.87915,1.0,0.0,1.0,0.0,3.5999988e-12,25927.0
2025-02-17 12:00:00,-0.3901062,-1.9898682,271.8969,278.76096,1.0,0.0,0.9752197,0.0,3.5999988e-12,26504.0
2025-02-17 13:00:00,0.5549469,-2.0536804,271.95245,278.78955,1.0,0.0,0.9173889,0.0,3.5999988e-12,22955.0
2025-02-17 14:00:00,0.5749817,-1.7749786,272.6424,278.18335,0.98846436,0.0,0.8965454,0.0,3.5999988e-12,17641.0
2025-02-17 15:00:00,0.5751648,-1.6602783,272.8494,278.1275,0.26031494,0.0,0.8656006,0.0,3.5999988e-12,16874.0
2025-02-17 16:00:00,0.6421051,-1.7409515,272.87848,278.1812,0.0,0.0,0.94107056,0.0,3.5999988e-12,14506.0
2025-02-17 17:00:00,0.32981873,-1.9077759,272.5891,277.37677,0.0,0.0,0.97332764,0.0,3.5999988e-12,18822.0
2025-02-17 18:00:00,0.21705627,-2.5588531,272.4735,277.29926,0.0,0.0,0.87594604,0.0,3.5999988e-12,20910.0
2025-02-17 19:00:00,-0.06628418,-2.557495,272.4585,276.96765,0.0,0.0,0.80944824,0.0,3.5999988e-12,31078.0
2025-02-17 20:00:00,-0.49916077,-2.306839,273.24255,276.62012,0.0,0.0,0.0069885254,0.0,3.5999988e-12,49798.0
2025-02-17 21:00:00,-0.7650604,-2.2091675,273.40674,276.2173,0.0,0.0,0.0,0.0,3.5999988e-12,55919.0
2025-02-17 22:00:00,-0.6647949,-2.1284637,273.53656,276.896,0.0,0.0,0.013122559,0.0,3.5999988e-12,48805.0
2025-02-17 23:00:00,-0.7952881,-2.040329,273.91498,277.16687,0.0,0.0,0.036254883,0.0,24448.0,46959.0
2025-02-18 00:00:00,-1.2925568,-1.8448639,274.17877,278.14752,0.0,0.0,0.03656006,0.0,427136.0,-30557.0
2025-02-18 01:00:00,-2.3759308,-1.7800598,272.7033,278.7359,0.0,0.033843994,0.0,0.0,1070912.0,-253130.0
2025-02-18 02:00:00,-2.3638763,-1.601944,271.33716,281.3623,0.0,0.0076904297,0.020935059,0.0,1672256.0,-503071.0
2025-02-18 03:00:00,-2.359848,-1.3478546,271.3402,281.98022,0.0,0.0,0.0,0.0,2124992.0,-689897.0
2025-02-18 04:00:00,-2.3979492,-1.3597565,271.40857,281.9579,0.0,0.0,0.0,0.0,2382272.0,-799297.0
2025-02-18 05:00:00,-2.4819489,-1.402008,271.57288,283.06006,0.0,0.0,0.0,0.0,2410688.0,-816022.0
2025-02-18 06:00:00,-2.799118,-1.487442,271.67316,282.9873,0.0,0.0,0.0,0.0,2211968.0,-737182.0
2025-02-18 07:00:00,-3.3005066,-1.5570221,271.9215,282.7953,0.0,0.0,0.0,0.0,1806208.0,-558708.0
2025-02-18 08:00:00,-3.7655487,-1.2386475,272.46545,281.9635,0.0,0.0,0.0,0.0,1236480.0,-351616.0
2025-02-18 09:00:00,-3.7229004,-0.4684906,272.79785,281.40173,0.0,0.0,0.0,0.0,589888.0,-101230.0
2025-02-18 10:00:00,-2.9738312,-0.07041931,272.98535,278.84888,0.0,0.0,0.0,0.0,81024.0,73695.0
2025-02-18 11:00:00,-2.8908234,0.14709473,272.77078,278.3521,0.09164429,0.0,0.0,0.0,3.5999988e-12,84908.0
2025-02-18 12:00:00,-2.4742432,0.29244995,273.09164,278.64328,0.67684937,0.0,0.0,0.0,3.5999988e-12,78196.0
2025-02-18 13:00:00,-2.27742,0.6107178,272.80707,278.39838,0.7576599,0.0,0.018127441,0.0,3.5999988e-12,64711.0
2025-02-18 14:00:00,-2.089096,0.9494629,273.20877,277.72943,0.801239,0.0,0.1003418,0.0,3.5999988e-12,58502.0
2025-02-18 15:00:00,-2.0615997,1.0699768,273.4115,277.75903,0.4923706,0.0,0.4282837,0.0,3.5999988e-12,55747.0
2025-02-18 16:00:00,-1.7752533,1.0196075,273.5792,277.5699,0.5372925,0.0,0.69854736,0.0,3.5999988e-12,54423.0
2025-02-18 17:00:00,-1.6404419,0.8999176,273.7537,276.73352,0.7479248,0.0,0.78585815,0.0,3.5999988e-12,50973.0
2025-02-18 18:00:00,-1.7303619,0.66108704,274.15515,277.20276,0.07501221,0.0,0.76190186,0.0,3.5999988e-12,45954.0
2025-02-18 19:00:00,-2.0318146,0.23731995,274.21912,277.22778,0.85006714,0.0,0.708374,0.0,3.5999988e-12,42715.0
2025-02-18 20:00:00,-1.9418793,-0.014587402,274.47388,277.13672,0.7522583,0.0,0.8613281,0.0,3.5999988e-12,43386.0
2025-02-18 21:00:00,-1.9002075,-0.09008789,274.47083,276.9375,0.883728,0.0,0.9292908,0.0,3.5999988e-12,44397.0
2025-02-18 22:00:00,-1.9755859,0.01222229,275.29947,278.2801,0.9458313,0.0,0.9770813,0.0,3.5999988e-12,51432.0
2025-02-18 23:00:00,-1.9040833,0.18774414,275.44318,278.68024,0.91955566,0.0,1.0,0.0,23744.0,57010.0
2025-02-19 00:00:00,-2.3447418,0.08041382,275.51053,279.19104,0.20535278,0.0,0.8843689,0.0,375040.0,-15151.0
2025-02-19 01:00:00,-3.2101135,0.1554718,274.9803,279.3252,0.0,0.0,0.09490967,0.0,917312.0,-175881.0
2025-02-19 02:00:00,-3.6977844,-0.2712555,274.02673,281.833,0.0076904297,0.0262146,0.0859375,0.0,1582848.0,-441472.0
2025-02-19 03:00:00,-3.8346863,-0.20301819,274.0243,282.48242,0.15917969,0.032470703,0.05001831,0.0,2007360.0,-631041.0
2025-02-19 04:00:00,-3.9894867,-0.58340454,274.0293,282.4845,0.19186401,0.013946533,0.03930664,0.0,2284096.0,-774518.0
2025-02-19 05:00:00,-4.1444397,-1.2048187,273.79187,282.72083,0.050323486,0.07336426,0.0031433105,0.0,2401024.0,-841615.0
2025-02-19 06:00:00,-4.3932495,-1.3647614,273.72363,282.60693,0.0060424805,0.22161865,0.0031433105,0.0,2202304.0,-779072.0
2025-02-19 07:00:00,-4.8492126,-1.4113922,273.8321,282.4933,0.0030212402,0.2687683,0.059417725,0.0,1573312.0,-571948.0
2025-02-19 08:00:00,-5.0184937,-1.4522705,273.84686,281.20874,0.108184814,0.20974731,0.009185791,0.0,1007808.0,-335747.0
2025-02-19 09:00:00,-4.5383453,-1.2969971,273.83447,280.69403,0.08139038,0.047546387,0.100860596,0.0,559168.0,-121907.0
2025-02-19 10:00:00,-3.332016,-0.96655273,273.90475,279.35236,0.0,0.04852295,0.25558472,0.0,79424.0,75465.0
2025-02-19 11:00:00,-2.9010773,-1.0463715,274.00595,279.367,0.0,0.041656494,0.60601807,0.0,3.5999988e-12,90290.0
2025-02-19 12:00:00,-2.6252747,-0.93174744,274.21683,279.45074,0.0,0.02960205,0.940155,0.0,3.5999988e-12,83321.0
2025-02-19 13:00:00,-2.855957,-1.2501831,274.33664,279.82907,0.0,0.041046143,0.9684143,0.0,3.5999988e-12,52447.0
2025-02-19 14:00:00,-3.0696564,-1.262558,274.54297,279.77084,0.0,0.0038452148,0.9166565,0.0,3.5999988e-12,45219.0
2025-02-19 15:00:00,-3.1350708,-1.2450409,274.8424,279.25018,0.0,0.0,0.986969,1.9073486e-06,3.5999988e-12,67151.0
2025-02-19 16:00:00,-2.992569,-1.4123077,274.91827,279.3169,0.0,0.0115356445,0.93481445,3.8146973e-06,3.5999988e-12,53083.0
2025-02-19 17:00:00,-3.0078583,-1.5782318,274.6726,279.11407,0.0,0.034454346,0.91952515,2.861023e-06,3.5999988e-12,54279.0
2025-02-19 18:00:00,-3.26445,-1.6348572,274.58807,279.06833,0.058654785,0.016967773,0.9458008,2.861023e-06,3.5999988e-12,48104.0
2025-02-19 19:00:00,-3.22612,-1.6037292,274.35687,279.12085,0.7527466,0.0030212402,0.919281,2.3841858e-05,3.5999988e-12,41268.0
2025-02-19 20:00:00,-2.983673,-1.5714264,274.06183,278.80438,0.82211304,0.0,0.9552307,8.106232e-06,3.5999988e-12,47590.0
2025-02-19 21:00:00,-3.0706024,-1.4734039,274.0028,278.7926,0.79629517,0.0030212402,0.90512085,5.2452087e-06,3.5999988e-12,49150.0
2025-02-19 22:00:00,-2.9234314,-1.6328735,274.12476,279.34985,0.0,0.0031433105,0.91052246,9.536743e-07,3.5999988e-12,42865.0
2025-02-19 23:00:00,-3.4982452,-1.8531036,273.789,279.40796,0.0,0.038970947,0.870636,0.0,17280.0,49612.0
2025-02-20 00:00:00,-3.9141998,-2.2495575,273.2749,279.33374,0.0,0.031585693,0.8779602,0.0,267200.0,-33028.0
2025-02-20 01:00:00,-4.8106537,-2.2377777,273.0119,279.33417,0.0,0.04977417,0.87890625,0.0,685632.0,-181264.0
2025-02-20 02:00:00,-5.1529694,-2.1172638,272.93054,280.88843,0.24395752,0.3126526,0.7117615,0.0,1443712.0,-501485.0
2025-02-20 03:00:00,-4.965851,-2.4519653,273.0229,281.19012,1.0,0.43737793,0.6203003,0.0,1624576.0,-631317.0
2025-02-20 04:00:00,-4.76828,-2.3591309,273.11707,281.18896,1.0,0.54315186,0.7646179,0.0,1787520.0,-710034.0
2025-02-20 05:00:00,-4.838852,-2.187912,273.12482,280.94598,0.9831238,0.553833,0.927124,0.0,1607872.0,-663461.0
2025-02-20 06:00:00,-4.982376,-2.4273224,272.84076,280.65234,0.9830322,0.5809021,0.82803345,0.0,1362048.0,-561264.0
2025-02-20 07:00:00,-4.897415,-2.3789062,272.9038,280.47418,0.9700012,0.36038208,0.95751953,9.536743e-07,893952.0,-370988.0
2025-02-20 08:00:00,-4.6985474,-2.2147827,272.50177,279.5811,0.980011,0.2532959,1.0,2.002716e-05,484672.0,-185314.0
2025-02-20 09:00:00,-4.2068176,-2.113739,272.3764,279.61432,1.0,0.12539673,0.9830322,7.104874e-05,166912.0,-37578.0
2025-02-20 10:00:00,-3.843277,-1.8022614,272.9295,279.10834,1.0,0.23538208,0.9768677,0.0001001358,28608.0,35853.0
2025-02-20 11:00:00,-3.484085,-1.7241516,273.24243,279.06024,1.0,0.4164734,0.97280884,0.00013542175,3.5999988e-12,46461.0
2025-02-20 12:00:00,-3.2420502,-1.8247528,273.88867,279.07916,0.98916626,0.39556885,0.96435547,0.00019979477,3.5999988e-12,57622.0
2025-02-20 13:00:00,-3.1892242,-1.833664,274.47888,278.79095,0.9454956,0.23428345,0.9534302,0.0002450943,3.5999988e-12,60078.0
2025-02-20 14:00:00,-2.963684,-1.8678131,274.77618,278.63638,0.2097168,0.4689331,0.9846802,0.00020217896,3.5999988e-12,53272.0
2025-02-20 15:00:00,-2.6397552,-2.0938416,274.68903,278.64502,0.0,0.39642334,0.9778137,0.00012922287,3.5999988e-12,52340.0
2025-02-20 16:00:00,-2.5910034,-2.419983,274.6808,278.46936,0.0,0.21359253,0.986969,8.583069e-05,3.5999988e-12,60848.0
2025-02-20 17:00:00,-2.6338348,-2.5653076,275.01093,278.2692,0.0,0.2270813,0.9700012,9.1552734e-05,3.5999988e-12,49484.0
2025-02-20 18:00:00,-2.4559784,-2.7954254,274.95575,278.06693,0.0,0.20178223,0.92788696,0.0001335144,3.5999988e-12,53253.0
2025-02-20 19:00:00,-2.1773834,-3.0289001,274.97412,277.96057,0.0,0.32937622,0.91918945,8.106232e-05,3.5999988e-12,49695.0
2025-02-20 20:00:00,-2.4634094,-3.0127258,274.864,277.47092,0.0,0.2420044,0.9268799,7.724762e-05,3.5999988e-12,40587.0
2025-02-20 21:00:00,-2.5231476,-2.9981232,274.81744,277.3179,0.0,0.14703369,0.9399109,4.863739e-05,3.5999988e-12,57748.0
2025-02-20 22:00:00,-2.2677765,-2.8739014,274.58893,277.72345,0.0,0.17047119,0.64260864,2.4795532e-05,3.5999988e-12,55919.0
2025-02-20 23:00:00,-2.1551056,-2.4994354,274.51373,277.73468,0.0,0.23342896,0.012512207,7.6293945e-06,27520.0,76817.0
2025-02-21 00:00:00,-2.5205078,-2.6481476,273.88184,278.1897,0.0,0.305542,0.0,0.0,414464.0,-19051.0
2025-02-21 01:00:00,-3.9286194,-2.3589172,273.16534,278.42957,0.0,0.6345215,0.010101318,0.0,970880.0,-227635.0
2025-02-21 02:00:00,-3.2583923,-2.0040283,272.4875,279.64777,0.0,1.0,0.11697388,0.0,1208576.0,-405172.0
2025-02-21 03:00:00,-2.9969788,-2.203659,272.58295,279.67487,0.0030212402,1.0,0.0,0.0,1210944.0,-457728.0
2025-02-21 04:00:00,-3.0325317,-2.1595612,272.6808,279.76453,0.8814392,0.9961548,0.14239502,0.0,1121408.0,-444560.0
2025-02-21 05:00:00,-2.4617462,-2.4769135,272.0879,280.23004,0.819397,1.0,0.065582275,0.0,955648.0,-368169.0
2025-02-21 06:00:00,-2.6515503,-2.3705902,272.01172,280.3208,0.48794556,0.9807739,0.34985352,0.0,1191744.0,-460153.0
2025-02-21 07:00:00,-2.9494934,-2.3011475,271.8963,280.2173,0.03491211,0.958374,0.06573486,0.0,749568.0,-266457.0
2025-02-21 08:00:00,-3.3039398,-2.280777,271.62766,279.94434,0.0,0.802948,0.051513672,0.0,519808.0,-170339.0
2025-02-21 09:00:00,-3.5673218,-1.9943542,271.63672,279.81506,0.0,0.6400757,0.0069885254,0.0,393600.0,-105203.0
2025-02-21 10:00:00,-2.5702362,-1.5010071,271.846,278.68423,0.0,0.5086365,0.0062561035,0.0,70336.0,31514.0
2025-02-21 11:00:00,-2.3164673,-1.3284149,272.13843,278.271,0.0,0.40100098,0.0,0.0,3.5999988e-12,83620.0
2025-02-21 12:00:00,-1.8548431,-0.90660095,272.47876,278.26404,0.0,0.4161682,0.0,0.0,3.5999988e-12,67741.0
2025-02-21 13:00:00,-1.5960236,-0.90504456,272.9115,277.73334,0.0,0.3354187,0.0,0.0,3.5999988e-12,55415.0
2025-02-21 14:00:00,-1.4749603,-1.2433014,273.27338,277.08606,0.0,0.70892334,0.25604248,0.0,3.5999988e-12,38333.0
2025-02-21 15:00:00,-1.6153107,-1.2601471,273.7179,277.39758,0.0,0.7981262,0.39163208,0.0,3.5999988e-12,34395.0
2025-02-21 16:00:00,-1.5199585,-0.97343445,273.61835,277.95825,0.0,0.7425232,0.5590515,0.0,3.5999988e-12,29906.0
2025-02-21 17:00:00,-1.4165039,-0.9187317,274.01398,277.73932,0.0,0.747406,0.79364014,0.0,3.5999988e-12,35829.0
2025-02-21 18:00:00,-1.6710968,-0.8669586,274.357,277.7577,0.0,0.82598877,0.68118286,0.0,3.5999988e-12,34614.0
2025-02-21 19:00:00,-2.063263,-0.91682434,274.4381,278.00464,0.02230835,0.7001648,0.052459717,0.0,3.5999988e-12,27797.0
2025-02-21 20:00:00,-2.1580353,-1.0414276,274.52533,278.13074,0.107177734,0.3579712,0.2305603,0.0,3.5999988e-12,42376.0
2025-02-21 21:00:00,-2.0528107,-1.0334167,274.49298,278.28284,0.1020813,0.043273926,0.90493774,0.0,3.5999988e-12,62608.0
2025-02-21 22:00:00,-2.5692902,-1.4459686,274.17108,278.92743,0.06881714,0.0,0.8782654,1.9073486e-06,3.5999988e-12,59638.0
2025-02-21 23:00:00,-2.766983,-1.4083862,273.9165,279.33337,0.19055176,0.0,0.7835388,1.9073486e-06,24896.0,48553.0
2025-02-22 00:00:00,-3.1554565,-1.5341187,273.4917,279.3104,0.95458984,0.0,0.71536255,0.0,323456.0,-16779.0
2025-02-22 01:00:00,-3.6978455,-1.4430847,272.28046,279.59412,1.0,0.0,0.63116455,0.0,715520.0,-175994.0
2025-02-22 02:00:00,-3.6061554,-1.496994,271.72586,280.89392,1.0,0.0,0.038970947,0.0,1121472.0,-330635.0
2025-02-22 03:00:00,-3.6533813,-1.4107208,271.8518,280.79468,1.0,0.041503906,0.47244263,0.0,1465408.0,-480342.0
2025-02-22 04:00:00,-3.9188232,-1.2737732,271.66626,281.24536,1.0,0.10119629,0.84609985,0.0,1787328.0,-638821.0
2025-02-22 05:00:00,-4.160309,-1.3343201,271.68036,280.7055,1.0,0.4682312,1.0,0.0,1560192.0,-575493.0
2025-02-22 06:00:00,-3.8902283,-1.0648346,271.67038,280.55646,0.93655396,0.4008789,1.0,0.0,1339264.0,-490775.0
2025-02-22 07:00:00,-3.7653503,-0.9028778,271.74768,280.2198,0.9968567,0.2619629,1.0,0.00011634827,720896.0,-224445.0
2025-02-22 08:00:00,-3.433487,-0.7924042,271.8633,279.65793,0.93865967,0.06326294,0.93395996,0.00017499924,293824.0,-51261.0
2025-02-22 09:00:00,-2.6412964,-0.71247864,271.73544,279.37033,1.0,0.026123047,1.0,0.00016403198,242240.0,-28028.0
2025-02-22 10:00:00,-1.8300934,-0.7838898,273.92365,278.58752,0.96936035,0.0,0.9767761,0.00015830994,29312.0,21499.0
2025-02-22 11:00:00,-1.6611938,-0.896698,274.2318,278.373,0.9606323,0.0,0.9602051,0.00014686584,3.5999988e-12,25906.0
2025-02-22 12:00:00,-1.3239288,-1.0449219,274.53558,278.34616,0.33096313,0.04260254,0.94073486,0.000121593475,3.5999988e-12,27753.0
2025-02-22 13:00:00,-0.8097534,-1.2172394,274.5042,278.17163,0.006164551,0.21029663,0.9724121,8.72612e-05,3.5999988e-12,29396.0
2025-02-22 14:00:00,-0.38755798,-1.3734589,274.85248,278.15204,0.0,0.2743225,0.9607239,4.339218e-05,3.5999988e-12,22223.0
2025-02-22 15:00:00,-0.069747925,-1.5436096,274.91785,278.17062,0.0,0.11956787,0.95684814,1.6212463e-05,3.5999988e-12,15564.0
2025-02-22 16:00:00,0.18431091,-1.7548676,275.0311,278.18292,0.0,0.040405273,0.9560547,8.106232e-06,3.5999988e-12,13711.0
2025-02-22 17:00:00,0.38638306,-1.976471,275.1843,277.9807,0.0,0.018127441,0.91378784,3.8146973e-06,3.5999988e-12,17474.0
2025-02-22 18:00:00,0.3937378,-2.4380798,275.40533,278.13593,0.0,0.06524658,0.9666748,2.861023e-06,3.5999988e-12,25127.0
2025-02-22 19:00:00,0.53904724,-3.0203247,275.3772,278.0824,0.0,0.067993164,0.81585693,2.336502e-05,3.5999988e-12,29450.0
2025-02-22 20:00:00,0.62716675,-3.3398438,275.29456,277.52765,0.0,0.11102295,0.91082764,1.1444092e-05,3.5999988e-12,49056.0
2025-02-22 21:00:00,0.44963074,-3.2553406,275.2659,277.38324,0.0,0.06350708,0.9111328,8.583069e-06,3.5999988e-12,34015.0
2025-02-22 22:00:00,0.4095459,-3.169159,275.2462,277.59894,0.0,0.13919067,0.5979004,6.67572e-06,3.5999988e-12,47159.0
2025-02-22 23:00:00,0.36050415,-3.2168121,275.2426,277.44226,0.0,0.14157104,0.23001099,3.8146973e-06,30720.0,49893.0
2025-02-23 00:00:00,-0.403656,-3.8290558,275.33643,278.0611,0.0,0.3520813,0.23110962,2.1457672e-05,411456.0,-42116.0
2025-02-23 01:00:00,-1.3265991,-4.3828125,274.73926,278.33197,0.0,0.6703186,0.3590393,4.720688e-05,1032064.0,-252737.0
2025-02-23 02:00:00,-1.202713,-4.4916687,273.5829,279.70337,0.0,0.7935791,0.49679565,4.7683716e-07,1322368.0,-452921.0
2025-02-23 03:00:00,-0.71025085,-4.2940674,273.37158,279.4718,0.0,0.9961548,0.70458984,0.0,1037440.0,-379847.0
2025-02-23 04:00:00,0.0077667236,-4.0955353,273.19434,279.12653,0.0,0.9631653,0.50076294,6.198883e-06,1124224.0,-415027.0
2025-02-23 05:00:00,0.6837921,-3.8467407,272.79773,279.79675,0.0,0.9104614,0.39212036,4.7683716e-06,1276096.0,-488260.0
2025-02-23 06:00:00,0.953125,-3.8921661,272.8432,279.76038,0.0,0.9274292,0.68551636,1.4305115e-05,1079616.0,-398074.0
2025-02-23 07:00:00,1.1134338,-4.046875,272.55963,279.8581,0.0,0.4711914,0.8927002,5.2452087e-06,881472.0,-299407.0
2025-02-23 08:00:00,0.258255,-4.0831757,272.63867,279.3153,0.0,0.62283325,0.8526306,1.2874603e-05,720320.0,-234794.0
2025-02-23 09:00:00,-1.0074921,-3.6953735,272.58838,279.04126,0.0,0.349823,0.6878357,6.67572e-06,353728.0,-79480.0
2025-02-23 10:00:00,-1.2692413,-2.4436188,272.5937,277.91034,0.0,0.44558716,0.56640625,3.8146973e-06,63168.0,37395.0
2025-02-23 11:00:00,-1.9468384,-2.3626404,272.5807,277.8374,0.0,0.3458252,0.55023193,9.536743e-07,3.5999988e-12,51007.0
2025-02-23 12:00:00,-1.7681885,-1.9617462,272.42358,277.69873,0.0,0.13745117,0.33776855,0.0,3.5999988e-12,63899.0
2025-02-23 13:00:00,-1.413269,-1.8582764,272.27307,277.56653,0.0,0.118255615,0.25613403,0.0,3.5999988e-12,50202.0
2025-02-23 14:00:00,-1.043457,-1.790741,272.15118,276.28906,0.0,0.16290283,0.18328857,0.0,3.5999988e-12,42889.0
2025-02-23 15:00:00,-0.72813416,-1.89888,272.21106,276.19537,0.0,0.23626709,0.22280884,0.0,3.5999988e-12,28683.0
2025-02-23 16:00:00,0.14929199,-1.6615143,272.13702,276.40222,0.0,0.17440796,0.13912964,0.0,3.5999988e-12,13816.0
2025-02-23 17:00:00,0.8920593,-1.1189117,272.34692,275.7052,0.0,0.055358887,0.060577393,0.0,3.5999988e-12,8708.0
2025-02-23 18:00:00,1.4620667,-0.9379883,272.53937,275.17688,0.0,0.018249512,0.0211792,0.0,3.5999988e-12,8846.0
2025-02-23 19:00:00,1.8924713,-0.9013977,272.92688,275.1836,0.0,0.0,0.009063721,0.0,3.5999988e-12,14389.0
2025-02-23 20:00:00,1.9672699,-1.151001,272.7735,274.92468,0.0,0.0,0.0,0.0,3.5999988e-12,24338.0
2025-02-23 21:00:00,1.8849945,-1.513916,272.9289,275.28284,0.0,0.0,0.0,0.0,3.5999988e-12,31343.0
2025-02-23 22:00:00,1.5579071,-1.1435547,272.9759,275.6126,0.0,0.0,0.0,0.0,3.5999988e-12,37618.0
2025-02-23 23:00:00,1.5419617,-1.5412445,272.95966,275.75458,0.0,0.0,0.0,0.0,41536.0,30786.0
2025-02-24 00:00:00,1.6142883,-1.8374329,272.57812,276.19092,0.0,0.0076904297,0.0,0.0,495488.0,-77129.0
2025-02-24 01:00:00,0.9107361,-2.19487,272.1593,276.95877,0.0,0.0076904297,0.0,0.0,1174976.0,-315256.0
2025-02-24 02:00:00,0.42485046,-2.4879913,270.25085,279.40753,0.0,0.19412231,0.0,0.0,1783296.0,-568633.0
2025-02-24 03:00:00,0.49137878,-2.5088043,269.53717,279.771,0.0,0.42263794,0.0,0.0,2146688.0,-737865.0
2025-02-24 04:00:00,0.38519287,-2.4407043,269.40924,280.15417,0.0,0.42648315,0.0,0.0,2368384.0,-842345.0
2025-02-24 05:00:00,0.0077819824,-2.4405365,268.65704,281.44238,0.0,0.29510498,0.0,0.0,2385536.0,-824537.0
2025-02-24 06:00:00,-0.33448792,-2.3975677,268.6117,281.60437,0.0,0.20452881,0.0,0.0,2267328.0,-758102.0
2025-02-24 07:00:00,-0.93421936,-2.3038788,268.5852,281.6466,0.0,0.0031433105,0.0,0.0,1884096.0,-588568.0
2025-02-24 08:00:00,-1.7995758,-2.3121338,268.53857,280.87183,0.0,0.0,0.0,0.0,1327552.0,-366637.0
2025-02-24 09:00:00,-2.7587128,-1.9356842,269.20154,280.14783,0.0,0.0,0.0,0.0,661120.0,-110569.0
2025-02-24 10:00:00,-2.8279724,-0.8157959,270.80524,278.0833,0.0,0.0,0.0,0.0,108736.0,66327.0
2025-02-24 11:00:00,-3.04805,-0.4953003,271.3454,277.45746,0.0,0.0,0.0,0.0,3.5999988e-12,85430.0
2025-02-24 12:00:00,-2.5776978,0.33039856,271.26025,277.30737,0.0,0.0,0.0,0.0,3.5999988e-12,79697.0
2025-02-24 13:00:00,-2.3272095,0.776001,271.09137,277.1908,0.0,0.0,0.0,0.0,3.5999988e-12,72089.0
2025-02-24 14:00:00,-2.096054,1.1581421,271.22906,276.49164,0.0,0.0,0.0,0.0,3.5999988e-12,65065.0
2025-02-24 15:00:00,-1.7030792,1.5375824,271.20502,276.44525,0.0,0.0,0.0031433105,0.0,3.5999988e-12,59829.0
2025-02-24 16:00:00,-1.8158264,2.0955048,271.0924,276.05994,0.0,0.0,0.25949097,0.0,3.5999988e-12,49331.0
2025-02-24 17:00:00,-2.0258331,2.1070557,271.39996,276.59827,0.0,0.0,0.096954346,0.0,3.5999988e-12,47536.0
2025-02-24 18:00:00,-1.2408295,1.8956604,271.3922,276.93213,0.0,0.0,0.70526123,0.0,3.5999988e-12,52987.0
2025-02-24 19:00:00,-0.8812866,1.6031952,271.498,277.65173,0.0,0.0,0.9968567,0.0,3.5999988e-12,24805.0
2025-02-24 20:00:00,-1.2973938,1.6066284,272.25403,278.27673,0.0,0.0,0.98791504,0.0,3.5999988e-12,8090.0
2025-02-24 21:00:00,-1.5642548,2.2170258,272.34717,278.42926,0.0,0.0,0.98687744,0.0,3.5999988e-12,17138.0
2025-02-24 22:00:00,-1.4334259,2.631256,273.00543,278.83472,0.0,0.0,0.895813,0.0,3.5999988e-12,31525.0
2025-02-24 23:00:00,-1.248642,2.152832,272.95367,279.011,0.0,0.0,0.8578186,0.0,15104.0,35272.0
2025-02-25 00:00:00,-1.4445343,2.505722,273.5232,279.21814,0.09567261,0.0,0.82388306,0.0,211072.0,7086.0
2025-02-25 01:00:00,-0.94073486,3.7993622,273.48657,279.69995,0.0,0.0,0.9721985,0.0,453056.0,-91866.0
2025-02-25 02:00:00,-0.73002625,4.061798,273.49286,280.4251,0.0,0.0,0.93167114,0.0,441664.0,-87913.0
2025-02-25 03:00:00,-0.23094177,4.2471924,273.3686,280.66858,0.0,0.0,0.8343811,1.9073486e-06,613376.0,-157884.0
2025-02-25 04:00:00,0.54559326,3.8639069,273.3335,280.44498,0.0,0.0,0.89151,8.106232e-06,716224.0,-182794.0
2025-02-25 05:00:00,1.1473389,3.0234985,273.17072,280.93747,0.0,0.0,0.96969604,4.7683716e-07,748032.0,-185713.0
2025-02-25 06:00:00,1.8817139,2.2631989,273.07202,281.32938,0.0,0.0,0.95510864,3.8146973e-06,816640.0,-216075.0
2025-02-25 07:00:00,2.206665,1.4927521,273.27405,281.1952,0.24368286,0.0,0.90927124,0.0,230208.0,-12270.0
2025-02-25 08:00:00,2.1459503,0.87409973,273.9148,281.19223,0.7680359,0.013122559,0.9824219,0.0,277952.0,-15200.0
2025-02-25 09:00:00,1.6581268,0.62779236,274.17798,280.9803,0.9109497,0.05368042,0.98291016,0.0,86720.0,23048.0
2025-02-25 10:00:00,1.1729584,0.6155243,274.3167,279.5125,0.20162964,0.0,0.84402466,0.0,39936.0,25695.0
2025-02-25 11:00:00,1.4140472,0.5913696,274.33978,279.46606,0.11392212,0.0,0.53460693,0.0,3.5999988e-12,33468.0
2025-02-25 12:00:00,1.6832123,0.35816956,274.39417,278.94604,0.6381531,0.0,0.113342285,0.0,3.5999988e-12,45520.0
2025-02-25 13:00:00,1.9120636,0.3210907,274.3974,278.4171,0.85772705,0.0,0.009063721,0.0,3.5999988e-12,52369.0
2025-02-25 14:00:00,2.466156,0.027557373,274.59937,277.48218,0.9130249,0.0,0.0,0.0,3.5999988e-12,57968.0
2025-02-25 15:00:00,2.046051,-0.07751465,274.60303,277.6471,0.94000244,0.0,0.0,0.0,3.5999988e-12,56899.0
2025-02-25 16:00:00,1.9218597,-0.09335327,274.73828,277.90674,0.979187,0.0,0.0,0.0,3.5999988e-12,53918.0
2025-02-25 17:00:00,2.0617218,-0.12434387,274.61127,277.28406,0.94384766,0.0,0.0,0.0,3.5999988e-12,55326.0
2025-02-25 18:00:00,1.9416504,-0.26843262,274.68036,277.35254,0.9320984,0.0,0.0,0.0,3.5999988e-12,55475.0
2025-02-25 19:00:00,1.9168701,-0.5284729,274.6504,277.0299,0.9700012,0.0,0.0,0.0,3.5999988e-12,44953.0
2025-02-25 20:00:00,1.7498627,-0.6186218,274.62488,276.57812,0.9768677,0.0,0.0,0.0,3.5999988e-12,41971.0
2025-02-25 21:00:00,1.6213074,-0.85084534,274.84528,276.5454,0.90011597,0.0,0.0,0.0,3.5999988e-12,34773.0
2025-02-25 22:00:00,1.4600372,-0.9463196,276.0984,277.88513,0.9500122,0.0,0.0,0.0,3.5999988e-12,30744.0
2025-02-25 23:00:00,1.2646942,-1.056366,275.92334,277.66302,0.9468689,0.0,0.0,0.0,39872.0,20345.0
2025-02-26 00:00:00,1.3918152,-0.86105347,276.198,278.3145,0.9770813,0.0,0.0,0.0,398272.0,-38230.0
2025-02-26 01:00:00,1.0554352,-0.6702423,276.52722,278.78015,0.96698,0.0,0.0,0.0,959808.0,-196608.0
2025-02-26 02:00:00,0.9003296,-0.64263916,276.6224,283.34814,0.94699097,0.0,0.0,0.0,1441152.0,-343745.0
2025-02-26 03:00:00,0.37216187,-0.4401245,275.4151,284.49866,0.93395996,0.0,0.0,0.0,1991680.0,-507408.0
2025-02-26 04:00:00,-0.50341797,0.12113953,275.3178,285.30078,0.92123413,0.0,0.0,0.0,2293184.0,-605360.0
2025-02-26 05:00:00,-0.97795105,0.29019165,274.13678,286.53186,0.95373535,0.0,0.0,0.0,2279168.0,-611022.0
2025-02-26 06:00:00,-1.2782898,0.2823944,274.26233,286.708,0.9616394,0.0,0.0,0.0,2131840.0,-567882.0
2025-02-26 07:00:00,-2.1272583,0.523407,274.35913,286.52002,0.89645386,0.0,0.0,0.0,1750720.0,-422308.0
2025-02-26 08:00:00,-3.0879364,1.077652,274.54114,285.12134,0.9500122,0.0,0.0,0.0,1150784.0,-240471.0
2025-02-26 09:00:00,-3.1913757,1.567627,275.3219,284.40027,0.94699097,0.0,0.013244629,0.0,537408.0,-39756.0
2025-02-26 10:00:00,-2.8524628,2.0698395,275.6256,281.63757,0.88790894,0.0,0.076690674,0.0,100928.0,73130.0
2025-02-26 11:00:00,-2.99115,2.4107513,275.57,281.24268,0.9809265,0.0,0.041625977,0.0,3.5999988e-12,87857.0
2025-02-26 12:00:00,-2.4391632,2.908783,275.69556,281.18646,0.94989014,0.0,0.0,0.0,3.5999988e-12,93993.0
2025-02-26 13:00:00,-2.1443787,3.2035065,275.75525,281.25024,0.9369812,0.0,0.0,0.0,3.5999988e-12,99038.0
2025-02-26 14:00:00,-2.2500458,3.2613525,276.38074,280.64148,0.9338379,0.0,0.0,0.0,3.5999988e-12,106679.0
2025-02-26 15:00:00,-2.8489227,3.501419,276.7135,280.9516,0.9430237,0.0,0.026153564,0.0,3.5999988e-12,109136.0
2025-02-26 16:00:00,-2.5140076,3.8526459,277.06458,281.17224,0.94314575,0.0,0.031677246,0.0,3.5999988e-12,121607.0
2025-02-26 17:00:00,-2.6855927,3.7205353,277.83972,281.43738,0.9266052,0.0,0.45007324,0.0,3.5999988e-12,119768.0
2025-02-26 18:00:00,-2.6633148,3.7714386,278.10907,281.66705,0.986969,0.019073486,0.8151245,0.0005469322,3.5999988e-12,126708.0
2025-02-26 19:00:00,-2.504303,3.9799957,278.5235,281.8891,0.9909363,0.010101318,0.980011,0.0,3.5999988e-12,94802.0
2025-02-26 20:00:00,-2.0321808,3.8329926,279.67975,281.85864,0.96069336,0.041168213,0.9727783,2.3841858e-05,3.5999988e-12,82935.0
2025-02-26 21:00:00,-2.2080536,3.4634094,279.58328,281.78406,0.9183655,0.08355713,0.9909363,0.00014781952,3.5999988e-12,84202.0
2025-02-26 22:00:00,-1.9449463,3.3812256,280.53833,281.9796,0.8159485,0.0,0.88934326,0.00088500977,3.5999988e-12,99088.0
2025-02-26 23:00:00,-1.5373688,3.4639435,280.69373,282.02325,0.94021606,0.08847046,0.9153137,0.00036668777,25408.0,98835.0
2025-02-27 00:00:00,-1.6622009,3.8980865,281.0052,282.33167,0.96798706,0.1138916,1.0,3.194809e-05,230144.0,22064.0
2025-02-27 01:00:00,-1.5184479,4.346039,280.92105,282.10745,0.7324524,0.2605896,1.0,1.5258789e-05,241536.0,9001.0
2025-02-27 02:00:00,-0.73324585,4.5253143,281.50623,283.45856,0.6190491,0.4663086,0.94833374,2.9087067e-05,313408.0,-11989.0
2025-02-27 03:00:00,-0.22077942,4.0301056,281.30914,283.75214,0.54693604,0.96069336,0.98791504,6.198883e-06,693440.0,-151111.0
2025-02-27 04:00:00,-0.14649963,3.1128235,280.91995,283.50934,0.06793213,0.690979,0.9788208,1.4305115e-06,611840.0,-137227.0
2025-02-27 05:00:00,0.03666687,2.885666,281.55923,285.7378,0.018127441,0.16925049,0.70843506,0.0,748416.0,-189218.0
2025-02-27 06:00:00,-0.034240723,2.6548615,281.52994,285.60352,0.0,0.038024902,0.46395874,9.536743e-07,645184.0,-148893.0
2025-02-27 07:00:00,-0.30096436,2.6216736,281.50272,285.77954,0.0,0.009185791,0.39239502,0.0,1376960.0,-345041.0
2025-02-27 08:00:00,-0.2157135,2.5593262,282.01855,286.24353,0.0,0.043701172,0.07348633,0.0,1104512.0,-224649.0
2025-02-27 09:00:00,-0.5683441,1.8166962,281.91174,286.094,0.0,0.21618652,0.0030212402,0.0,611520.0,-49115.0
2025-02-27 10:00:00,-1.1297607,1.963089,282.04474,283.62488,0.0,0.24542236,0.0,0.0,104064.0,40227.0
2025-02-27 11:00:00,-1.0250397,1.8347015,281.83087,282.9759,0.0,0.38220215,0.0,0.0,3.5999988e-12,56532.0
2025-02-27 12:00:00,-0.8175049,1.7886353,281.90063,283.11072,0.0,0.5348511,0.0,0.0,3.5999988e-12,45039.0
2025-02-27 13:00:00,-0.89430237,1.9289246,281.84375,282.97455,0.0,0.51919556,0.0,0.0,3.5999988e-12,37575.0
2025-02-27 14:00:00,-0.9221649,2.1481018,281.89297,282.75787,0.0,0.3154297,0.0030212402,0.0,3.5999988e-12,24418.0
2025-02-27 15:00:00,-0.89437866,2.1590576,281.9726,282.90698,0.0,0.057037354,0.0,0.0,3.5999988e-12,37873.0
2025-02-27 16:00:00,-0.8092041,2.2880096,281.98935,282.8239,0.0,0.05722046,0.0,0.0,3.5999988e-12,52719.0
2025-02-27 17:00:00,-0.43598938,2.0742798,280.92514,281.5004,0.0,0.3550415,0.0,0.0,3.5999988e-12,57316.0
2025-02-27 18:00:00,-0.30033875,1.9147491,281.20743,281.77847,0.0,0.62060547,0.0,0.0,3.5999988e-12,56144.0
2025-02-27 19:00:00,-0.1539917,1.7303467,281.1531,281.64484,0.0,1.0,0.0,0.0,3.5999988e-12,21458.0
2025-02-27 20:00:00,0.019927979,1.5861511,280.67352,281.01996,0.0,1.0,0.0,0.0,3.5999988e-12,58.0
2025-02-27 21:00:00,0.16897583,1.3076782,280.82004,281.2431,0.0,1.0,0.0031433105,0.0,3.5999988e-12,-12034.0
2025-02-27 22:00:00,-0.26811218,0.7120056,282.0027,282.23553,0.0,1.0,0.0062561035,0.0,3.5999988e-12,-29745.0
2025-02-27 23:00:00,-0.7790222,0.8110504,281.72015,281.97113,0.0,1.0,0.11697388,0.0,26432.0,-31889.0
2025-02-28 00:00:00,-1.260498,1.021225,281.53076,281.58344,0.013946533,1.0,0.15667725,4.7683716e-07,204544.0,-77136.0
2025-02-28 01:00:00,-1.6375122,1.2558136,281.7367,281.73694,0.19500732,1.0,0.09667969,4.7683716e-07,483456.0,-162565.0
2025-02-28 02:00:00,-1.9742737,1.4066162,283.02264,285.11707,0.22311401,1.0,0.04071045,0.0,948032.0,-308570.0
2025-02-28 03:00:00,-2.3185883,1.3639832,284.08362,286.6516,0.081604004,0.8461304,0.026977539,4.7683716e-07,1146880.0,-385301.0
2025-02-28 04:00:00,-2.8029022,1.5486755,284.55652,287.75732,0.41763306,0.9008179,0.027923584,0.0,1752768.0,-592000.0
2025-02-28 05:00:00,-3.1663055,1.652359,284.82532,289.73975,0.8817444,0.21191406,0.0031433105,4.7683716e-07,1645120.0,-500726.0
2025-02-28 06:00:00,-3.548462,1.5142517,285.14282,290.49414,0.7337036,0.1328125,0.013122559,4.7683716e-07,2063808.0,-625705.0
2025-02-28 07:00:00,-3.8488922,1.3932037,285.55798,291.15308,0.91064453,0.1590271,0.04937744,0.0,1599104.0,-476751.0
2025-02-28 08:00:00,-4.0656433,1.5661621,284.97205,289.23486,0.7301636,0.108306885,0.0,0.0,1100352.0,-328129.0
2025-02-28 09:00:00,-4.021393,2.0280914,284.28406,288.09912,0.09832764,0.43896484,0.040008545,4.7683716e-07,560896.0,-139552.0
2025-02-28 10:00:00,-3.8540192,2.8730927,283.8131,285.59814,0.0,0.82321167,0.049072266,4.7683716e-07,96000.0,3353.0
2025-02-28 11:00:00,-3.902771,3.4716187,283.82382,285.3197,0.0,0.9593506,0.07199097,4.7683716e-07,3.5999988e-12,12754.0
2025-02-28 12:00:00,-3.7868347,3.8437805,284.21124,285.81683,0.024169922,0.9812317,0.12200928,4.7683716e-07,3.5999988e-12,21931.0
2025-02-28 13:00:00,-3.5859375,4.3238373,284.5721,286.15723,0.013031006,1.0,0.110565186,4.7683716e-07,3.5999988e-12,23490.0
2025-02-28 14:00:00,-3.5936737,4.9421387,285.32904,286.59448,0.08050537,1.0,0.046966553,4.7683716e-07,3.5999988e-12,34394.0
2025-02-28 15:00:00,-3.231491,5.540024,285.58972,286.81934,0.03024292,1.0,0.04626465,4.7683716e-07,3.5999988e-12,52054.0
2025-02-28 16:00:00,-2.5875092,5.9591675,285.81555,287.02704,0.0030212402,1.0,0.066345215,4.7683716e-07,3.5999988e-12,66099.0
2025-02-28 17:00:00,-1.9726868,6.0823517,285.99908,286.9073,0.0,1.0,0.08554077,4.7683716e-07,3.5999988e-12,63610.0
2025-02-28 18:00:00,-1.8177643,6.1226196,286.13373,287.05316,0.03677368,0.93743896,0.18457031,4.7683716e-07,3.5999988e-12,69420.0
2025-02-28 19:00:00,-1.7120819,6.1273346,286.32312,287.27338,0.012084961,0.92807007,0.33328247,0.0,3.5999988e-12,94270.0
2025-02-28 20:00:00,-1.3315125,5.9218597,286.53613,287.2096,0.0541687,0.89678955,0.67581177,0.0,3.5999988e-12,117438.0
2025-02-28 21:00:00,-0.8953705,5.761017,286.57855,287.22906,0.16220093,0.8748779,0.63308716,0.0,3.5999988e-12,105970.0
2025-02-28 22:00:00,-0.13066101,5.427994,286.81696,287.76318,0.08389282,0.82421875,0.4673767,0.0,3.5999988e-12,88033.0
2025-02-28 23:00:00,0.5051117,5.4372864,286.6172,287.49023,0.018127441,0.661438,0.37322998,0.0,27456.0,71572.0
2025-03-01 00:00:00,0.92581177,4.66539,286.50568,287.63306,0.1449585,0.13485718,0.33538818,0.0,299840.0,-26530.0
2025-03-01 01:00:00,1.1161957,4.2557526,286.18024,288.2406,0.08187866,0.019378662,0.16577148,4.7683716e-07,715392.0,-159130.0
2025-03-01 02:00:00,1.6405334,4.2076263,286.97656,293.6582,0.018127441,0.0031433105,0.15072632,0.0,1646336.0,-376791.0
2025-03-01 03:00:00,1.8243713,4.0686493,286.87634,294.42627,0.02722168,0.0,0.020935059,0.0,2110272.0,-465456.0
2025-03-01 04:00:00,1.8016968,3.9107056,287.87488,296.7119,0.0,0.0,0.01373291,0.0,2364480.0,-481363.0
2025-03-01 05:00:00,1.9416351,3.5243683,287.93835,299.59546,0.0,0.0,0.044311523,1.0967255e-05,2408768.0,-443607.0
2025-03-01 06:00:00,1.9252319,2.8161163,288.12427,300.12842,0.0,0.0,0.2590332,0.0,2181696.0,-349084.0
2025-03-01 07:00:00,1.0965271,2.259369,288.7284,299.73267,0.0,0.02331543,0.086517334,6.67572e-06,1650880.0,-173411.0
2025-03-01 08:00:00,0.21186829,2.0927277,288.75317,297.6975,0.0,0.07626343,0.14767456,0.0,1220288.0,-93800.0
2025-03-01 09:00:00,-0.6078491,2.1010284,289.14526,296.4956,0.0,0.097717285,0.1539917,0.0,590656.0,2389.0
2025-03-01 10:00:00,-1.5754242,0.98587036,287.40283,291.42285,0.0,0.05102539,0.11730957,0.0,109120.0,32860.0
2025-03-01 11:00:00,-1.9400177,1.6469879,286.80627,290.4873,0.0,0.06185913,0.16189575,0.0,3.5999988e-12,55842.0
2025-03-01 12:00:00,-1.8910522,1.99469,286.33887,290.22632,0.0,0.10195923,0.3005371,0.0,3.5999988e-12,75840.0
2025-03-01 13:00:00,-1.9998016,1.6481476,286.23877,290.24316,0.0,0.089660645,0.36132812,0.0,3.5999988e-12,60249.0
2025-03-01 14:00:00,-2.1661682,1.4494629,285.87903,288.781,0.0,0.04626465,0.34085083,0.0,3.5999988e-12,64926.0
2025-03-01 15:00:00,-2.2546692,1.6884918,285.84656,288.7998,0.0,0.07455444,0.31906128,0.0,3.5999988e-12,58501.0
2025-03-01 16:00:00,-2.0946503,1.9668884,285.78003,288.42993,0.2184143,0.10531616,0.22747803,0.0,3.5999988e-12,60407.0
2025-03-01 17:00:00,-1.8772125,2.1535187,285.0952,287.0022,0.4595642,0.12792969,0.16384888,0.0,3.5999988e-12,68036.0
2025-03-01 18:00:00,-1.5580444,2.2113953,284.76337,286.56494,0.2623291,0.17626953,0.14395142,0.0,3.5999988e-12,66950.0
2025-03-01 19:00:00,-1.4178009,2.2498474,284.76892,286.61853,0.11050415,0.16009521,0.08047485,0.0,3.5999988e-12,57284.0
2025-03-01 20:00:00,-1.3776398,2.2745972,284.9375,286.30786,0.0062561035,0.0770874,0.030944824,0.0,3.5999988e-12,55798.0
2025-03-01 21:00:00,-1.2606812,2.3444977,285.08374,286.25958,0.07965088,0.09008789,0.046142578,0.0,3.5999988e-12,62850.0
2025-03-01 22:00:00,-1.3145752,1.9266357,285.93195,287.64062,0.0093688965,0.0692749,0.023834229,0.0,3.5999988e-12,68286.0
2025-03-01 23:00:00,-1.5661621,2.788681,286.07678,287.95215,0.0,0.04522705,0.03314209,0.0,56384.0,61807.0
2025-03-02 00:00:00,-1.022583,3.4102936,286.44348,288.8899,0.0,0.0,0.0519104,0.0,512000.0,-46538.0
2025-03-02 01:00:00,-0.77497864,3.4312897,286.49072,289.84033,0.08706665,0.0038452148,0.03768921,0.0,1138176.0,-209496.0
2025-03-02 02:00:00,-0.6448364,3.8671417,287.88,294.67212,0.48687744,0.0,0.010009766,0.0,1708352.0,-356131.0
2025-03-02 03:00:00,-0.46621704,4.1204376,288.56226,296.3025,0.18777466,0.0,0.0,0.0,2160192.0,-457597.0
2025-03-02 04:00:00,0.12158203,4.3991394,288.4845,296.6455,0.07852173,0.0,0.0,0.0,2403328.0,-500896.0
2025-03-02 05:00:00,0.657135,3.9880981,289.10217,298.89282,0.14111328,0.0,0.0,0.0,2425728.0,-478195.0
2025-03-02 06:00:00,0.081207275,3.8135529,290.08923,299.85767,0.0,0.0,0.0,0.0,2218432.0,-391401.0
2025-03-02 07:00:00,-0.19532776,3.695343,290.40845,299.53857,0.0,0.0031433105,0.0,0.0,1816576.0,-276465.0
2025-03-02 08:00:00,0.34236145,3.3011017,289.1731,296.9016,0.0,0.042816162,0.07702637,0.0,1252992.0,-136142.0
2025-03-02 09:00:00,-0.34483337,2.7855072,289.68176,296.13452,0.0031433105,0.112579346,0.5052185,0.0,551424.0,-4761.0
2025-03-02 10:00:00,-1.1108856,2.4834442,289.87756,294.46387,0.010009766,0.010009766,0.22232056,0.0,98880.0,69750.0
2025-03-02 11:00:00,-0.8187866,2.5419464,289.96716,293.9646,0.36999512,0.0093688965,0.21673584,0.0,3.5999988e-12,102523.0
2025-03-02 12:00:00,0.5231018,2.5074005,288.7661,293.48975,0.4342041,0.0062561035,0.29492188,0.0,3.5999988e-12,107891.0
2025-03-02 13:00:00,2.9824677,0.4597168,288.88757,294.68677,0.3262329,0.04727173,0.27648926,1.2397766e-05,3.5999988e-12,148693.0
2025-03-02 14:00:00,4.4555206,-4.3842316,287.60034,292.4624,0.47543335,0.07165527,0.5940552,0.00016927719,3.5999988e-12,177111.0
2025-03-02 15:00:00,2.6225586,-5.497345,288.45312,292.09546,0.51864624,0.118011475,0.24261475,0.0008163452,3.5999988e-12,230020.0
2025-03-02 16:00:00,3.1051178,-6.6770782,287.56714,290.11157,0.14151001,0.5114136,0.26004028,1.335144e-05,3.5999988e-12,124284.0
2025-03-02 17:00:00,2.8415375,-5.9772034,285.2356,287.32837,0.3015747,0.8007202,0.1184082,1.9073486e-06,3.5999988e-12,67098.0
2025-03-02 18:00:00,3.1994781,-5.8463135,282.37134,284.5526,0.6040344,0.90463257,0.05355835,9.536743e-07,3.5999988e-12,-2933.0
2025-03-02 19:00:00,3.5470886,-6.272629,280.57617,282.9906,0.7453003,0.9909363,0.047790527,0.0,3.5999988e-12,-89414.0
2025-03-02 20:00:00,2.8845825,-6.0806274,279.32886,282.21234,0.98916626,0.9939575,0.04208374,0.0,3.5999988e-12,-84824.0
2025-03-02 21:00:00,2.1654663,-6.208664,279.54926,282.4148,1.0,1.0,0.0390625,0.0,3.5999988e-12,-82616.0
2025-03-02 22:00:00,1.7895355,-4.8970184,279.41962,281.87848,0.9961548,1.0,0.04220581,0.0,3.5999988e-12,-76199.0
2025-03-02 23:00:00,1.6293335,-5.5410767,279.40588,282.05945,1.0,1.0,0.21490479,1.9073486e-06,24704.0,-82417.0
2025-03-03 00:00:00,1.0029602,-6.357025,279.5988,282.05417,1.0,1.0,0.9314575,0.00016736984,128000.0,-112596.0
2025-03-03 01:00:00,0.8347931,-5.8208466,280.01428,281.78903,1.0,0.96920776,0.5096741,0.0007443428,180736.0,-59751.0
2025-03-03 02:00:00,1.0194702,-5.302475,279.7282,282.17447,0.94488525,0.9923096,0.7520752,0.00059890747,337792.0,-80672.0
2025-03-03 03:00:00,0.20118713,-5.857376,279.81158,282.41595,0.7741089,1.0,0.9697571,0.00096035004,402176.0,-81361.0
2025-03-03 04:00:00,0.24494934,-5.5316925,279.93024,282.51144,0.5869751,1.0,1.0,0.0011110306,435264.0,-79568.0
2025-03-03 05:00:00,0.80078125,-4.74559,280.04727,282.38843,0.85040283,1.0,1.0,0.00010585785,412160.0,-97797.0
2025-03-03 06:00:00,0.7335205,-4.4028625,280.07544,282.36127,0.9732361,1.0,0.9727783,1.3828278e-05,449664.0,-163960.0
2025-03-03 07:00:00,1.2796173,-4.1145325,280.0869,282.02716,0.99697876,1.0,0.9425659,0.00011730194,194560.0,-76849.0
2025-03-03 08:00:00,1.7098236,-3.9968872,280.11536,282.1576,0.46621704,1.0,0.8851013,2.4795532e-05,144640.0,-66427.0
2025-03-03 09:00:00,2.2821808,-3.7163696,280.05078,282.04294,0.28259277,1.0,0.9213867,4.7683716e-06,100800.0,-58907.0
2025-03-03 10:00:00,2.6941376,-2.234497,280.33987,281.69897,0.9162903,1.0,0.8060913,2.861023e-06,22720.0,-34072.0
2025-03-03 11:00:00,2.9562836,-3.002411,280.21838,281.57892,1.0,1.0,0.6642456,6.67572e-06,3.5999988e-12,-26785.0
2025-03-03 12:00:00,2.7709503,-2.440094,280.25964,281.58545,1.0,1.0,0.68899536,7.6293945e-06,3.5999988e-12,-27275.0
2025-03-03 13:00:00,2.5214539,-1.4402161,280.2262,281.48856,0.9930115,1.0,0.35742188,1.5258789e-05,3.5999988e-12,-23864.0
2025-03-03 14:00:00,2.947525,-1.19281,280.2317,281.50012,0.9930115,1.0,0.7395935,1.5258789e-05,3.5999988e-12,-25229.0
2025-03-03 15:00:00,3.3616638,-1.4247437,280.3026,281.5368,1.0,1.0,1.0,0.0004415512,3.5999988e-12,-18807.0
2025-03-03 16:00:00,3.7668304,-1.4550476,280.30838,281.15652,1.0,0.9848938,1.0,0.0015730858,3.5999988e-12,-1650.0
2025-03-03 17:00:00,4.051834,-1.1189728,280.08658,280.91525,1.0,1.0,1.0,0.0024251938,3.5999988e-12,-5037.0
2025-03-03 18:00:00,4.7177887,-0.84295654,280.15915,281.024,0.99313354,1.0,1.0,0.0021247864,3.5999988e-12,-7358.0
2025-03-03 19:00:00,5.8751373,-1.0605164,280.00177,280.95117,0.98324585,1.0,1.0,0.0007276535,3.5999988e-12,-13856.0
2025-03-03 20:00:00,6.6024475,-1.5310364,279.1059,280.3899,1.0,1.0,1.0,0.0004863739,3.5999988e-12,-16228.0
2025-03-03 21:00:00,6.331909,-1.6888885,278.9997,280.25714,0.74261475,1.0,0.93807983,0.0002412796,3.5999988e-12,-18106.0
2025-03-03 22:00:00,6.428177,-0.92048645,278.81146,280.21466,0.015960693,1.0,0.0725708,2.861023e-06,3.5999988e-12,-24466.0
2025-03-03 23:00:00,6.724167,-1.3650665,278.57925,280.14963,0.0,1.0,0.01083374,0.0,20352.0,-26024.0
2025-03-04 00:00:00,7.528137,-1.5209198,278.50156,280.17224,0.0,1.0,0.009887695,0.0,122880.0,-74123.0
2025-03-04 01:00:00,7.727768,-2.3771057,278.33588,280.10522,0.0,1.0,0.0,4.7683716e-07,258432.0,-147953.0
2025-03-04 02:00:00,7.924057,-3.1843262,278.29,281.2151,0.46261597,1.0,0.0062561035,0.0,784768.0,-400597.0
2025-03-04 03:00:00,8.126556,-3.9671173,278.3912,281.84027,1.0,0.9939575,0.019500732,0.0,1145408.0,-584419.0
2025-03-04 04:00:00,7.238022,-5.6747437,278.32333,281.92798,1.0,1.0,0.0692749,0.0,1215872.0,-619551.0
2025-03-04 05:00:00,5.550049,-6.8589935,278.24612,282.0343,1.0,1.0,0.012512207,0.0,1542144.0,-777576.0
2025-03-04 06:00:00,4.1018066,-8.032837,278.20944,281.9123,1.0,1.0,0.0,0.0,1607488.0,-809738.0
2025-03-04 07:00:00,3.4583588,-7.5578613,278.15378,281.5985,1.0,1.0,0.13046265,0.0,486208.0,-298701.0
2025-03-04 08:00:00,3.071167,-6.8576508,278.00574,280.88208,1.0,0.98846436,0.7295227,0.0,309504.0,-182957.0
2025-03-04 09:00:00,2.792511,-5.9582977,277.8008,280.67035,0.9715271,1.0,1.0,0.0,163136.0,-98398.0
2025-03-04 10:00:00,2.5427704,-5.093857,277.61838,280.35046,0.941864,1.0,1.0,0.0003156662,22464.0,-10326.0
2025-03-04 11:00:00,2.0066528,-4.765152,277.88452,280.2708,0.63668823,1.0,0.9909363,0.0005021095,3.5999988e-12,24094.0
2025-03-04 12:00:00,1.0370331,-4.471634,277.91202,280.26382,0.26705933,1.0,0.901886,4.196167e-05,3.5999988e-12,32035.0
2025-03-04 13:00:00,0.8973541,-4.243164,277.99057,280.318,0.0,1.0,0.06744385,1.9073486e-06,3.5999988e-12,16249.0
2025-03-04 14:00:00,1.0948181,-5.1888275,277.6569,280.59888,0.0,1.0,0.0,4.7683716e-06,3.5999988e-12,4861.0
2025-03-04 15:00:00,1.4130554,-5.4421387,277.73492,280.4967,0.0,1.0,0.0,3.8146973e-06,3.5999988e-12,1792.0
2025-03-04 16:00:00,1.3392029,-4.6485443,277.6283,280.3999,0.28463745,1.0,0.0031433105,3.33786e-06,3.5999988e-12,-1616.0
2025-03-04 17:00:00,1.452652,-4.4334106,277.47354,279.92725,0.0,0.99697876,0.010009766,5.722046e-06,3.5999988e-12,-5617.0
2025-03-04 18:00:00,1.6504211,-4.3860474,277.49115,279.80988,0.0030212402,1.0,0.062683105,1.335144e-05,3.5999988e-12,-5894.0
2025-03-04 19:00:00,1.4696808,-5.0904236,277.36575,279.85052,1.0,0.98187256,0.060791016,0.0,3.5999988e-12,-28649.0
2025-03-04 20:00:00,1.3957367,-5.320755,277.38275,279.66394,0.91226196,0.7880554,0.13195801,4.7683716e-07,3.5999988e-12,-11674.0
2025-03-04 21:00:00,1.4145813,-4.1544647,277.3954,279.52985,0.8866577,0.53170776,0.048858643,0.0,3.5999988e-12,14025.0
2025-03-04 22:00:00,1.574707,-3.2199402,276.90738,279.79407,0.8718567,0.8605652,0.050964355,9.536743e-07,3.5999988e-12,11716.0
2025-03-04 23:00:00,1.890976,-4.0295563,276.7684,279.8545,0.84091187,0.96621704,0.07687378,8.106232e-06,45568.0,-25088.0
2025-03-05 00:00:00,0.94862366,-4.4416656,276.59427,279.80872,0.025024414,1.0,0.0030212402,3.33786e-06,263616.0,-119519.0
2025-03-05 01:00:00,0.6933899,-4.625641,276.61633,280.2236,0.0,1.0,0.0,0.0,666304.0,-268776.0
2025-03-05 02:00:00,0.24266052,-4.363571,276.36176,281.0282,0.0,1.0,0.0,0.0,985728.0,-405126.0
2025-03-05 03:00:00,0.60453796,-4.8713837,276.40918,281.6208,0.023223877,1.0,0.0,0.0,1326656.0,-553251.0
2025-03-05 04:00:00,0.15264893,-5.0847015,276.26758,282.00458,0.46035767,1.0,0.0,0.0,1526272.0,-624758.0
2025-03-05 05:00:00,-0.32043457,-5.0832214,275.82416,281.78723,0.309021,1.0,0.0,0.0,1621312.0,-661458.0
2025-03-05 06:00:00,0.28770447,-5.313202,275.46576,281.46948,0.815155,0.9930115,0.0,0.0,1378624.0,-550527.0
2025-03-05 07:00:00,0.3648529,-5.803009,275.16675,281.1139,0.9659424,0.9923096,0.0,0.0,970560.0,-413076.0
2025-03-05 08:00:00,-0.7852478,-6.228119,274.6701,280.38678,0.89624023,0.9160156,0.0093688965,0.0,499456.0,-212437.0
2025-03-05 09:00:00,-1.4121094,-6.9438934,274.4831,280.25958,0.9404297,0.9612427,0.29849243,0.0,240512.0,-106280.0
2025-03-05 10:00:00,-1.1057587,-5.9078827,274.28113,279.83856,1.0,0.8671875,0.798584,4.7683716e-06,65472.0,-25578.0
2025-03-05 11:00:00,-1.2994232,-5.5467377,274.5807,279.88275,1.0,0.6057434,0.99313354,2.861023e-06,3.5999988e-12,8738.0
2025-03-05 12:00:00,-1.2841492,-5.064728,274.54596,279.94287,1.0,0.59313965,0.9961548,0.0,3.5999988e-12,2130.0
2025-03-05 13:00:00,-0.46417236,-4.1111603,274.93127,279.87857,1.0,0.68203735,0.98605347,9.536743e-07,3.5999988e-12,14069.0
2025-03-05 14:00:00,-0.042266846,-4.226959,275.5996,279.85718,1.0,0.6392517,0.94595337,7.1525574e-06,3.5999988e-12,11158.0
2025-03-05 15:00:00,0.01574707,-4.7009125,275.6419,279.90286,1.0,0.5038147,0.9831238,8.583069e-06,3.5999988e-12,11243.0
2025-03-05 16:00:00,-0.13772583,-5.320984,275.7094,279.80392,1.0,0.47454834,0.9229431,1.1920929e-05,3.5999988e-12,7150.0
2025-03-05 17:00:00,0.13233948,-5.337921,275.78772,279.72684,1.0,0.51953125,0.9500122,2.4795532e-05,3.5999988e-12,9688.0
2025-03-05 18:00:00,0.45111084,-5.0973816,275.745,279.62863,0.9328308,0.6021118,0.96624756,3.194809e-05,3.5999988e-12,10463.0
2025-03-05 19:00:00,0.78785706,-4.7581177,275.77936,279.7071,0.9848938,0.68237305,0.96395874,0.00020885468,3.5999988e-12,19909.0
2025-03-05 20:00:00,1.1524811,-4.5434875,275.70752,279.48117,1.0,0.46481323,0.932312,6.151199e-05,3.5999988e-12,31235.0
2025-03-05 21:00:00,0.9334564,-4.5662537,275.67578,279.63913,0.99313354,0.4250183,0.98779297,3.528595e-05,3.5999988e-12,29399.0
2025-03-05 22:00:00,1.3106079,-3.7689362,275.94092,279.94907,0.890625,0.6754761,0.9776001,2.0980835e-05,3.5999988e-12,35477.0
2025-03-05 23:00:00,1.2924957,-4.148514,275.75275,280.21716,0.0030212402,0.7738037,0.027923584,4.7683716e-06,45952.0,26602.0
2025-03-06 00:00:00,0.49945068,-5.535721,275.15033,280.57336,0.0,0.70596313,0.07620239,1.9073486e-06,403008.0,-91930.0
2025-03-06 01:00:00,-0.21377563,-6.29303,274.84296,280.69394,0.0076904297,0.8514404,0.10168457,0.0,845504.0,-291798.0
2025-03-06 02:00:00,-0.7503052,-6.6048584,273.73962,281.83038,0.0,0.82873535,0.0,0.0,969472.0,-370252.0
2025-03-06 03:00:00,-0.7047119,-6.467224,273.66327,282.24805,0.0,0.7765198,0.0,0.0,1559424.0,-617097.0
2025-03-06 04:00:00,-0.5342102,-6.505707,273.82767,282.7611,0.0,0.6873474,0.0,0.0,2199168.0,-878616.0
2025-03-06 05:00:00,-0.5493469,-6.4987946,273.757,283.7588,0.0,0.6885376,0.0,0.0,2201152.0,-897977.0
2025-03-06 06:00:00,-0.5546112,-6.3977356,273.612,283.64868,0.0,0.6583252,0.0,0.0,2181888.0,-865450.0
2025-03-06 07:00:00,-0.50283813,-6.3359375,273.65625,283.32788,0.0,0.67285156,0.0,0.0,1506048.0,-573119.0
2025-03-06 08:00:00,-0.74832153,-6.234741,273.3579,282.4038,0.0,0.467865,0.0,0.0,1193280.0,-399553.0
2025-03-06 09:00:00,-0.8553467,-5.8561554,273.4925,281.7644,0.0,0.0038452148,0.0,0.0,714880.0,-170728.0
2025-03-06 10:00:00,-0.6260071,-4.1567383,274.2215,279.72546,0.0,0.0,0.0,0.0,155072.0,66301.0
2025-03-06 11:00:00,-0.82806396,-3.9955902,274.6538,279.58167,0.0,0.04260254,0.0,0.0,3.5999988e-12,108176.0
2025-03-06 12:00:00,-0.4934082,-3.499527,275.22345,279.32693,0.19891357,0.04699707,0.0,0.0,3.5999988e-12,92875.0
2025-03-06 13:00:00,-0.33006287,-3.3567047,275.43243,279.18518,0.68588257,0.041229248,0.0,0.0,3.5999988e-12,82393.0
2025-03-06 14:00:00,-0.38131714,-3.4242554,275.434,278.39288,0.74868774,0.050842285,0.0060424805,0.0,3.5999988e-12,84586.0
2025-03-06 15:00:00,-0.18727112,-2.883316,275.39426,278.6407,0.9151001,0.012084961,0.17980957,0.0,3.5999988e-12,81800.0
2025-03-06 16:00:00,-0.04347229,-2.6490326,275.01566,279.0517,0.9609375,0.0,0.4519348,0.0,3.5999988e-12,59447.0
2025-03-06 17:00:00,-0.12095642,-2.956009,274.91803,278.53625,0.9909363,0.01373291,0.8005371,0.0,3.5999988e-12,61999.0
2025-03-06 18:00:00,-0.33270264,-2.9253235,275.07654,278.58032,0.9758301,0.012908936,0.95095825,0.0,3.5999988e-12,68793.0
2025-03-06 19:00:00,-0.7237549,-2.78154,275.01794,278.50867,0.70217896,0.0541687,0.97094727,0.0,3.5999988e-12,43801.0
2025-03-06 20:00:00,-0.93266296,-2.6418915,274.7517,277.82288,0.0030212402,0.1177063,0.7658081,0.0,3.5999988e-12,62022.0
2025-03-06 21:00:00,-0.9586487,-2.3964539,275.00146,278.03992,0.0,0.14761353,0.52523804,0.0,3.5999988e-12,58221.0
2025-03-06 22:00:00,-0.5731354,-2.0544739,275.4453,279.02246,0.016052246,0.24038696,0.0,0.0,3.5999988e-12,37354.0
2025-03-06 23:00:00,-1.3287964,-2.1421509,275.27814,279.4101,0.057922363,0.40124512,0.0,0.0,85632.0,22566.0
2025-03-07 00:00:00,-2.7114258,-2.030655,274.15814,279.9353,0.0,0.7177124,0.0076904297,0.0,505344.0,-87065.0
2025-03-07 01:00:00,-3.187027,-1.7009583,273.87036,279.79025,0.01876831,1.0,0.0,0.0,1053184.0,-314121.0
2025-03-07 02:00:00,-3.2973785,-1.4318542,272.41742,281.52197,0.6775818,0.9923096,0.0,0.0,1159872.0,-407630.0
2025-03-07 03:00:00,-3.113739,-0.9192352,272.7884,281.8485,0.019226074,1.0,0.0,0.0,1616064.0,-608779.0
2025-03-07 04:00:00,-2.6458435,-0.7243042,273.03458,282.13373,0.96151733,0.95965576,0.0,0.0,1938240.0,-712438.0
2025-03-07 05:00:00,-2.2539978,-0.511322,272.4532,282.02515,1.0,0.82702637,0.0675354,0.0,2005440.0,-737008.0
2025-03-07 06:00:00,-1.7280426,-0.10987854,272.5891,281.81653,1.0,0.91867065,0.33010864,0.0,1551808.0,-561792.0
2025-03-07 07:00:00,-1.2892456,0.14135742,272.45154,281.7798,1.0,0.95358276,0.95526123,0.0,843136.0,-248666.0
2025-03-07 08:00:00,-1.3226013,0.033813477,272.98657,281.55878,0.984375,0.9538269,1.0,0.0,374656.0,-92989.0
2025-03-07 09:00:00,-2.0743256,0.354187,272.8947,281.41046,0.19400024,0.9180603,0.88549805,0.0,223744.0,-42814.0
2025-03-07 10:00:00,-1.8997498,0.3583374,273.23026,280.75766,0.0,0.94281006,0.5984497,0.0,70144.0,-1073.0
2025-03-07 11:00:00,-1.8686066,0.6419525,273.6949,280.97925,0.0,0.7701416,0.05783081,0.0,3.5999988e-12,21737.0
2025-03-07 12:00:00,-1.918457,0.55307007,274.11023,280.44882,0.0,0.6621399,0.0,0.0,3.5999988e-12,30496.0
2025-03-07 13:00:00,-1.5313263,0.52978516,274.46887,279.77185,0.0,0.6066284,0.0,0.0,3.5999988e-12,30155.0
2025-03-07 14:00:00,-1.2051392,0.24856567,275.053,278.67047,0.031036377,0.48770142,0.0,0.0,3.5999988e-12,17017.0
2025-03-07 15:00:00,-1.4322968,0.42163086,275.044,278.43542,0.24856567,0.30047607,0.0,0.0,3.5999988e-12,11043.0
2025-03-07 16:00:00,-1.1425781,0.5373688,275.29404,278.93298,0.43637085,0.16226196,0.0,0.0,3.5999988e-12,7193.0
2025-03-07 17:00:00,-0.571228,0.7474518,275.1225,278.1676,0.710022,0.060516357,0.0,0.0,3.5999988e-12,6425.0
2025-03-07 18:00:00,0.08932495,0.84407043,275.11554,277.84558,0.49673462,0.03375244,0.0,0.0,3.5999988e-12,4007.0
2025-03-07 19:00:00,0.7030029,0.611969,275.19543,277.599,0.38787842,0.0,0.0,0.0,3.5999988e-12,2020.0
2025-03-07 20:00:00,1.19281,0.17388916,275.20654,276.7644,0.48233032,0.0,0.0,0.0,3.5999988e-12,882.0
2025-03-07 21:00:00,1.8046875,-0.22125244,275.2282,276.7373,0.046173096,0.37771606,0.0,0.0,3.5999988e-12,589.0
2025-03-07 22:00:00,1.8927612,-0.78471375,275.7646,277.0475,0.0,0.37161255,0.0,0.0,3.5999988e-12,351.0
2025-03-07 23:00:00,1.320343,-0.9772186,276.16583,277.8628,0.0,0.31323242,0.0,0.0,98880.0,-4310.0
2025-03-08 00:00:00,0.7285614,-0.66986084,275.8503,278.77393,0.0,0.07312012,0.0,0.0,632320.0,-88877.0
2025-03-08 01:00:00,0.74905396,-0.79422,275.64987,279.53586,0.0,0.0,0.0,0.0,1313600.0,-278429.0
2025-03-08 02:00:00,0.34677124,-1.2176056,273.97754,282.73138,0.0,0.11550903,0.0,0.0,1921792.0,-492720.0
2025-03-08 03:00:00,0.24848938,-1.6157227,273.93207,283.38757,0.0,0.20233154,0.0,0.0,2318656.0,-658058.0
2025-03-08 04:00:00,-0.08213806,-1.9984436,273.7721,283.79236,0.19390869,0.24139404,0.0,0.0,2557440.0,-759129.0
2025-03-08 05:00:00,-0.39346313,-2.3215332,273.49622,285.3695,0.100372314,0.15722656,0.0,0.0,2610752.0,-789313.0
2025-03-08 06:00:00,-0.9035034,-2.7405548,273.48828,285.51807,0.07165527,0.14898682,0.0,0.0,2290752.0,-674819.0
2025-03-08 07:00:00,-1.6071777,-2.9989777,273.62976,285.2976,0.04534912,0.021270752,0.0,0.0,1941696.0,-553426.0
2025-03-08 08:00:00,-2.7943268,-3.0212555,273.6327,284.25073,0.0725708,0.0030212402,0.0,0.0,1363712.0,-339539.0
2025-03-08 09:00:00,-3.6880035,-2.6860046,273.72717,283.37097,0.0,0.0,0.0,0.0,752384.0,-130469.0
2025-03-08 10:00:00,-3.3246155,-2.0187073,273.7862,281.44537,0.0,0.0,0.0,0.0,162688.0,61564.0
2025-03-08 11:00:00,-3.4542084,-1.8629303,273.8687,281.1535,0.0,0.0,0.0,0.0,3.5999988e-12,99540.0
2025-03-08 12:00:00,-2.7768707,-1.4956207,274.1754,281.0705,0.0,0.0,0.0,0.0,3.5999988e-12,92288.0
2025-03-08 13:00:00,-2.7360687,-1.1379242,274.79535,280.67676,0.0,0.0,0.0,0.0,3.5999988e-12,84851.0
2025-03-08 14:00:00,-2.7950287,-0.82829285,275.78638,279.972,0.80252075,0.0,0.0,0.0,3.5999988e-12,77685.0
2025-03-08 15:00:00,-2.5214539,-0.24601746,276.37335,279.99023,0.9177246,0.0,0.0,0.0,3.5999988e-12,67447.0
2025-03-08 16:00:00,-1.9705048,-0.054992676,276.34656,279.85022,0.9340515,0.0,0.0,0.0,3.5999988e-12,42497.0
2025-03-08 17:00:00,-2.1614075,0.0051879883,276.6405,279.4259,0.5155029,0.0060424805,0.06524658,0.0,3.5999988e-12,27565.0
2025-03-08 18:00:00,-2.2222595,-0.32565308,276.46765,279.31006,0.0,0.0,0.18310547,0.0,3.5999988e-12,28232.0
2025-03-08 19:00:00,-1.8960724,-0.73550415,276.7646,279.6593,0.0,0.0115356445,0.57388306,0.0,3.5999988e-12,23926.0
2025-03-08 20:00:00,-1.7110596,-0.8105316,277.51996,280.2672,0.0,0.014556885,0.84259033,0.0,3.5999988e-12,24753.0
2025-03-08 21:00:00,-2.1972656,-0.72402954,277.6927,280.4734,0.0,0.074157715,0.6248474,0.0,3.5999988e-12,34031.0
2025-03-08 22:00:00,-2.300644,-0.74671936,277.82883,281.47742,0.0,0.2298584,0.5079346,0.0,3.5999988e-12,55230.0
2025-03-08 23:00:00,-3.0781403,-0.6340027,277.69586,281.44888,0.0,0.2960205,0.16381836,0.0,87680.0,44950.0
2025-03-09 00:00:00,-4.1410065,-0.091674805,277.35248,282.13022,0.0,0.5857239,0.13397217,0.0,619264.0,-80830.0
2025-03-09 01:00:00,-4.194916,0.5583954,277.35687,282.3858,0.0,0.51623535,0.04626465,0.0,1274944.0,-326199.0
2025-03-09 02:00:00,-4.0985413,0.4709015,277.3971,284.72363,0.0,0.25610352,0.07046509,0.0,1819008.0,-591223.0
2025-03-09 03:00:00,-4.243637,0.44126892,277.42157,285.14417,0.0,0.27404785,0.0,0.0,2241792.0,-753650.0
2025-03-09 04:00:00,-4.410965,0.6599426,277.5218,285.7063,0.0,0.11392212,0.0,0.0,2584832.0,-901050.0
2025-03-09 05:00:00,-4.4827423,1.0079498,277.984,286.30774,0.17971802,0.057739258,0.0093688965,0.0,2532992.0,-868674.0
2025-03-09 06:00:00,-4.347412,1.5312805,278.23914,286.18762,0.07336426,0.037902832,0.059906006,0.0,2371136.0,-789728.0
2025-03-09 07:00:00,-4.3145905,1.6278076,278.06116,285.78687,0.23504639,0.022399902,0.08358765,0.0,1969344.0,-633125.0
2025-03-09 08:00:00,-4.4693756,1.3573303,278.7478,284.72888,0.78616333,0.019378662,0.9420166,0.0,1330688.0,-393126.0
2025-03-09 09:00:00,-3.629959,0.68185425,279.3427,284.22845,0.51068115,0.0,0.9699402,0.0,570368.0,-122823.0
2025-03-09 10:00:00,-3.0417938,-0.044448853,280.34088,283.44775,0.6932678,0.0,0.2366333,0.00031852722,39168.0,23654.0
2025-03-09 11:00:00,-3.4140015,0.27485657,280.78217,283.09027,0.34259033,0.0,0.4764099,0.00071525574,3.5999988e-12,47919.0
2025-03-09 12:00:00,-3.342392,0.5239563,280.8733,282.79886,0.21746826,0.0030212402,0.8454895,0.0,3.5999988e-12,60961.0
2025-03-09 13:00:00,-3.2754822,0.7555084,281.09744,283.35464,0.0030212402,0.0,0.98916626,0.0,3.5999988e-12,34371.0
2025-03-09 14:00:00,-3.4841766,0.86813354,281.61914,283.6079,0.0038452148,0.0,1.0,0.0,3.5999988e-12,41483.0
2025-03-09 15:00:00,-3.5323944,1.5528564,281.60318,283.85223,0.0115356445,0.006866455,0.9939575,0.0,3.5999988e-12,44194.0
2025-03-09 16:00:00,-3.4076233,1.8479614,281.55692,283.9626,0.013946533,0.03970337,0.9637146,0.0,3.5999988e-12,48611.0
2025-03-09 17:00:00,-3.0393982,1.6012421,281.97812,283.88235,0.08166504,0.13250732,1.0,0.0,3.5999988e-12,46078.0
2025-03-09 18:00:00,-3.0183563,1.3712158,282.07748,283.81686,0.20245361,0.22113037,1.0,1.9073486e-06,3.5999988e-12,40996.0
2025-03-09 19:00:00,-2.7601776,1.6767883,282.0179,283.72955,0.38735962,0.1973877,1.0,3.4332275e-05,3.5999988e-12,44455.0
2025-03-09 20:00:00,-3.0308533,1.5592804,282.1695,283.78165,0.18972778,0.2605896,1.0,3.8146973e-05,3.5999988e-12,51108.0
2025-03-09 21:00:00,-3.206665,1.6662598,282.22034,283.913,0.0030212402,0.7536926,1.0,4.196167e-05,3.5999988e-12,55744.0
2025-03-09 22:00:00,-2.5802155,1.2646179,281.85303,284.12613,0.0,0.5739136,0.9848938,5.7697296e-05,3.5999988e-12,55954.0
2025-03-09 23:00:00,-2.916748,1.1023712,281.97772,284.0789,0.0,1.0,1.0,4.2438507e-05,12736.0,51672.0
2025-03-10 00:00:00,-3.3311768,1.1043091,282.15338,284.11224,0.0,1.0,1.0,4.1007996e-05,77568.0,30829.0
2025-03-10 01:00:00,-3.1743774,1.3474884,282.40436,284.34116,0.0,1.0,1.0,4.196167e-05,128192.0,14880.0
2025-03-10 02:00:00,-2.7113495,1.6210175,282.58514,284.8496,0.0,1.0,1.0,3.862381e-05,155520.0,3746.0
2025-03-10 03:00:00,-2.4176483,2.0852509,282.83984,285.19427,0.0,0.9908142,0.99697876,2.861023e-05,272960.0,-31584.0
2025-03-10 04:00:00,-1.9847717,2.25206,282.60968,285.32513,0.0060424805,0.9546509,0.8999939,1.9073486e-05,584512.0,-126249.0
2025-03-10 05:00:00,-1.6114197,2.3987885,282.5061,285.66357,0.0,0.9057007,0.65063477,1.001358e-05,561536.0,-122626.0
2025-03-10 06:00:00,-1.6156311,1.8731384,282.2984,285.86804,0.0,1.0,0.42651367,3.8146973e-06,833728.0,-211176.0
2025-03-10 07:00:00,-1.8486176,1.5847473,281.78497,286.16565,0.0,1.0,0.42642212,0.0,849408.0,-212394.0
2025-03-10 08:00:00,-2.2424164,1.5544281,281.66827,286.0608,0.0,0.9175415,0.2805786,9.536743e-07,523008.0,-109206.0
2025-03-10 09:00:00,-2.4402618,1.6805725,281.89926,285.80542,0.0,0.75790405,0.12075806,4.7683716e-07,380800.0,-61110.0
2025-03-10 10:00:00,-1.7894592,1.3325043,282.61832,284.9793,0.0,0.62924194,0.048034668,4.7683716e-07,98624.0,25436.0
2025-03-10 11:00:00,-1.8293304,1.483963,282.58322,284.01233,0.0,0.73898315,0.040008545,4.7683716e-07,3.5999988e-12,59573.0
2025-03-10 12:00:00,-1.6207733,1.6383057,282.83063,283.94183,0.0,0.65719604,0.026855469,0.0,3.5999988e-12,40327.0
2025-03-10 13:00:00,-1.439621,1.7302856,282.60147,283.72086,0.0,0.6581726,0.012207031,0.0,3.5999988e-12,38626.0
2025-03-10 14:00:00,-1.2219086,1.4255981,282.32632,283.1774,0.0,0.99697876,0.049682617,0.0,3.5999988e-12,24702.0
2025-03-10 15:00:00,-1.0653534,1.0926514,282.3212,283.1594,0.0,0.969574,0.042266846,0.0,3.5999988e-12,7558.0
2025-03-10 16:00:00,-1.0423889,0.5681305,282.47678,283.33392,0.0,0.90231323,0.04647827,0.0,3.5999988e-12,2650.0
2025-03-10 17:00:00,-1.2353363,0.46917725,282.3687,283.1554,0.0,0.8597412,0.27157593,0.0,3.5999988e-12,2704.0
2025-03-10 18:00:00,-1.5462799,0.84588623,282.38364,283.05353,0.0,0.73220825,0.594635,0.0,3.5999988e-12,5649.0
2025-03-10 19:00:00,-1.7304077,1.4448242,282.15,283.05807,0.0,0.36117554,0.88067627,5.722046e-06,3.5999988e-12,16162.0
2025-03-10 20:00:00,-1.412262,1.5618134,282.20905,283.0946,0.0,0.17062378,0.9848938,6.67572e-06,3.5999988e-12,17824.0
2025-03-10 21:00:00,-1.1863251,1.3050385,282.5423,283.6257,0.0,0.2034607,0.9525757,5.2452087e-06,3.5999988e-12,10271.0
2025-03-10 22:00:00,-1.0140076,0.8613434,283.33002,284.4704,0.0,0.5045471,1.0,7.6293945e-06,3.5999988e-12,12426.0
2025-03-10 23:00:00,-1.3542175,0.77967834,283.43762,284.39252,0.0,0.5357666,0.9961548,5.722046e-06,58944.0,8541.0
2025-03-11 00:00:00,-1.392456,0.98165894,283.52625,284.85394,0.0,0.64312744,0.8641052,9.536743e-07,408000.0,-73932.0
2025-03-11 01:00:00,-1.3587799,1.4569855,283.61768,285.37463,0.0,0.4885254,0.9696655,4.7683716e-07,885440.0,-208528.0
2025-03-11 02:00:00,-1.391449,2.0796661,283.5658,287.58923,0.0,0.46524048,0.9569397,0.0,1421632.0,-386632.0
2025-03-11 03:00:00,-1.200058,2.1860046,283.52856,287.71863,0.0,0.9353943,0.8929138,4.7683716e-07,1673152.0,-439532.0
2025-03-11 04:00:00,-1.7342682,1.6211395,283.54785,288.02124,0.0,0.9576721,0.7058716,4.7683716e-07,2021184.0,-564383.0
2025-03-11 05:00:00,-2.5657806,1.2418518,284.52704,290.14575,0.0,0.7944031,0.374115,0.0,1877312.0,-510222.0
2025-03-11 06:00:00,-2.9810638,1.374527,284.5359,290.37354,0.0,0.90185547,0.12005615,0.0,1644224.0,-450311.0
2025-03-11 07:00:00,-3.7005463,1.5129547,284.52826,289.79907,0.0,0.87823486,0.026763916,0.0,969984.0,-273800.0
2025-03-11 08:00:00,-3.8594818,1.9510498,284.62115,288.73218,0.0031433105,0.7836609,0.013122559,0.0,827392.0,-255519.0
2025-03-11 09:00:00,-3.3953857,1.745285,284.17645,287.80908,0.76498413,0.81829834,0.019989014,4.7683716e-07,395008.0,-86310.0
2025-03-11 10:00:00,-2.7914276,1.112381,283.91498,286.00305,0.91619873,0.7915344,0.2744751,1.9073486e-06,80256.0,-19049.0
2025-03-11 11:00:00,-3.1281586,1.4470978,283.97833,285.8191,0.46392822,0.6452942,0.48529053,1.4305115e-06,3.5999988e-12,16656.0
2025-03-11 12:00:00,-3.2884521,1.6965942,284.12836,285.83838,0.42800903,0.10824585,0.6808777,9.536743e-07,3.5999988e-12,34330.0
2025-03-11 13:00:00,-2.9557953,2.1458893,284.26038,285.8307,0.0,0.1253357,0.63497925,0.0,3.5999988e-12,39689.0
2025-03-11 14:00:00,-2.292572,2.2950592,284.3164,285.7876,0.74334717,0.123291016,0.9345703,9.536743e-07,3.5999988e-12,29418.0
2025-03-11 15:00:00,-2.2286682,2.5845642,284.4029,286.16565,0.5997925,0.5249939,0.9737854,0.00046920776,3.5999988e-12,25815.0
2025-03-11 16:00:00,-2.214096,2.5375671,284.5,285.88977,0.41729736,0.84988403,0.9898987,0.00057029724,3.5999988e-12,50909.0
2025-03-11 17:00:00,-2.3924255,2.049057,284.60657,285.64417,0.9109497,0.8670349,0.9815674,0.00035572052,3.5999988e-12,43057.0
2025-03-11 18:00:00,-2.4664612,1.6224365,284.59595,285.54688,0.87371826,0.80648804,0.9788208,0.00028514862,3.5999988e-12,39467.0
2025-03-11 19:00:00,-2.507553,0.3184967,284.6693,285.72888,0.6866455,1.0,0.96151733,0.0008459091,3.5999988e-12,14780.0
2025-03-11 20:00:00,-3.3567963,0.5919342,284.60895,285.31152,0.33377075,1.0,0.9909363,0.001481533,3.5999988e-12,15824.0
2025-03-11 21:00:00,-2.98526,0.9010773,284.498,285.13574,0.523468,1.0,0.99697876,0.0027413368,3.5999988e-12,15314.0
2025-03-11 22:00:00,-1.5733032,-1.620575,284.96643,285.65088,0.3590088,1.0,0.8883667,0.0047621727,3.5999988e-12,12411.0
2025-03-11 23:00:00,-1.9575195,-1.2150269,284.92822,285.44824,0.13644409,0.9530945,0.86257935,0.005142212,12032.0,4116.0
2025-03-12 00:00:00,-3.6820679,-0.08103943,284.91602,285.4198,0.395813,0.9845886,0.83395386,0.0018138885,86208.0,-9788.0
2025-03-12 01:00:00,-2.7708588,-0.7524872,284.964,285.53235,0.3824463,0.9848938,0.78619385,6.2942505e-05,320128.0,-64502.0
2025-03-12 02:00:00,-1.605423,-2.6987457,284.9751,286.03528,0.29660034,1.0,0.9807739,9.536743e-05,733760.0,-165074.0
2025-03-12 03:00:00,-1.4985657,-3.14888,284.79883,285.63525,0.30523682,1.0,0.95111084,0.000104904175,680384.0,-169802.0
2025-03-12 04:00:00,-2.0028381,-3.5848236,284.57617,285.45728,0.039245605,1.0,0.94918823,8.2969666e-05,794624.0,-223176.0
2025-03-12 05:00:00,-2.2419739,-3.7660522,284.089,285.06958,0.0069885254,1.0,0.8706665,8.058548e-05,642752.0,-184535.0
2025-03-12 06:00:00,-2.1756744,-3.7976685,283.86658,285.0808,0.0,1.0,0.9836426,0.000269413,370240.0,-107321.0
2025-03-12 07:00:00,-2.1405792,-3.7048035,283.89978,285.0974,0.10144043,1.0,0.9697571,0.00012111664,208256.0,-46005.0
2025-03-12 08:00:00,-2.0763702,-3.750122,283.58594,285.04663,0.5750122,1.0,0.9637146,0.000114917755,162112.0,-32439.0
2025-03-12 09:00:00,-1.7805481,-3.6156006,283.61096,285.07837,0.87557983,0.9961548,0.94558716,0.00013875961,106880.0,-16935.0
2025-03-12 10:00:00,-2.0503082,-3.3673706,283.26093,284.2481,0.8685608,1.0,0.99697876,0.00024032593,24128.0,4923.0
2025-03-12 11:00:00,-2.0649414,-3.6176147,283.26508,284.35345,0.9901123,1.0,1.0,0.000108242035,3.5999988e-12,9205.0
2025-03-12 12:00:00,-2.0843048,-4.0096436,283.1975,284.2273,1.0,0.92349243,1.0,6.866455e-05,3.5999988e-12,8208.0
2025-03-12 13:00:00,-1.5253296,-3.850647,283.1454,284.1341,0.9906311,0.9923096,1.0,0.000102996826,3.5999988e-12,9974.0
2025-03-12 14:00:00,-1.1813354,-3.6116486,282.91382,283.71973,0.9289551,1.0,1.0,0.00020217896,3.5999988e-12,12455.0
2025-03-12 15:00:00,-2.2641296,-3.4425354,283.0669,283.76935,0.9120178,0.7628174,1.0,0.0006685257,3.5999988e-12,14769.0
2025-03-12 16:00:00,-3.1681519,-3.139145,282.98438,283.8169,0.68029785,0.7216797,1.0,0.0012068748,3.5999988e-12,21425.0
2025-03-12 17:00:00,-3.4224548,-2.774475,282.9718,283.8509,0.71484375,0.70651245,1.0,0.0014224052,3.5999988e-12,25181.0
2025-03-12 18:00:00,-2.7152252,-3.1216583,282.9886,283.8733,0.953125,0.64108276,1.0,0.0011916161,3.5999988e-12,25509.0
2025-03-12 19:00:00,-2.881073,-3.4148865,282.9229,283.8022,0.9761658,0.80755615,1.0,0.0001335144,3.5999988e-12,14728.0
2025-03-12 20:00:00,-3.3122253,-3.4442291,282.92102,283.7021,1.0,0.9845886,1.0,5.8174133e-05,3.5999988e-12,14273.0
2025-03-12 21:00:00,-3.1438904,-3.7118835,283.02472,283.7412,1.0,1.0,1.0,0.00039815903,3.5999988e-12,15171.0
2025-03-12 22:00:00,-3.1077728,-3.5891266,282.76654,283.78516,0.9562073,1.0,1.0,0.0007381439,3.5999988e-12,13928.0
2025-03-12 23:00:00,-2.7587433,-3.4453888,282.73657,283.75256,0.45339966,0.86312866,1.0,0.0005245209,18880.0,11383.0
2025-03-13 00:00:00,-2.6577454,-3.2706757,282.57117,283.73975,0.026947021,0.5085449,1.0,0.0006637573,65024.0,11096.0
2025-03-13 01:00:00,-3.5245972,-3.0937653,281.98193,283.70386,0.0,0.66345215,0.9961548,0.00031280518,149696.0,14932.0
2025-03-13 02:00:00,-3.5654297,-3.8615723,280.04663,284.146,0.04336548,0.39700317,1.0,4.386902e-05,235520.0,13242.0
2025-03-13 03:00:00,-3.6071777,-4.004425,279.2444,284.6178,0.36053467,0.36538696,1.0,1.4781952e-05,378240.0,-28444.0
2025-03-13 04:00:00,-4.400589,-3.3512115,279.10437,284.65814,0.9277344,0.5020752,0.9939575,9.536743e-07,320576.0,-37674.0
2025-03-13 05:00:00,-4.503647,-2.9129028,277.823,284.97076,0.96847534,0.473114,1.0,0.0,431488.0,-83831.0
2025-03-13 06:00:00,-4.3164062,-2.6326447,277.34595,285.1311,1.0,0.3295288,1.0,4.7683716e-07,570496.0,-139619.0
2025-03-13 07:00:00,-3.9475708,-3.024704,277.4713,284.98248,1.0,0.36132812,1.0,0.0,328768.0,-40667.0
2025-03-13 08:00:00,-3.2743988,-3.0688019,277.55774,284.82385,1.0,0.4454956,1.0,0.0,232704.0,-21779.0
2025-03-13 09:00:00,-3.13974,-2.6110382,278.062,284.66412,1.0,0.6460571,0.9761658,0.0,147584.0,-2851.0
2025-03-13 10:00:00,-2.9476013,-2.3177948,278.31775,284.03473,0.9749756,0.49447632,1.0,0.000166893,27136.0,33662.0
2025-03-13 11:00:00,-3.2279816,-1.6386719,279.04822,283.73593,0.47073364,0.46951294,1.0,0.00030136108,3.5999988e-12,46096.0
2025-03-13 12:00:00,-2.0510406,-1.890091,279.42017,283.5063,0.38336182,0.64590454,1.0,0.0,3.5999988e-12,63748.0
2025-03-13 13:00:00,-1.519516,-2.2905579,279.90942,283.5893,0.61203,0.9768982,1.0,0.0,3.5999988e-12,33789.0
2025-03-13 14:00:00,-1.4508972,-2.5471954,280.04578,283.60468,0.8529358,0.973053,0.9937439,4.7683716e-07,3.5999988e-12,28374.0
2025-03-13 15:00:00,-1.4060211,-3.2471313,280.2616,283.56552,0.40979004,1.0,1.0,0.0,3.5999988e-12,30731.0
2025-03-13 16:00:00,-2.1113586,-3.447235,280.57678,283.47165,0.56988525,0.9961548,0.9725952,7.1525574e-06,3.5999988e-12,26727.0
2025-03-13 17:00:00,-2.6990204,-3.4721832,280.73175,283.43774,0.8673096,1.0,1.0,2.4795532e-05,3.5999988e-12,31161.0
2025-03-13 18:00:00,-3.328003,-3.365982,280.63037,283.3536,0.980011,1.0,1.0,8.583069e-06,3.5999988e-12,40276.0
2025-03-13 19:00:00,-3.3068085,-3.739441,280.45258,283.3277,0.8540039,1.0,1.0,5.2452087e-05,3.5999988e-12,65646.0
2025-03-13 20:00:00,-3.5152893,-3.755844,280.612,283.51343,0.93115234,1.0,1.0,7.915497e-05,3.5999988e-12,77278.0
2025-03-13 21:00:00,-3.8071747,-3.518158,280.3365,283.53674,0.9291382,1.0,1.0,3.8146973e-05,3.5999988e-12,86892.0
2025-03-13 22:00:00,-3.3699493,-3.4791107,279.81354,283.46957,0.8998413,0.980011,1.0,7.677078e-05,3.5999988e-12,85535.0
2025-03-13 23:00:00,-3.5717926,-2.8890686,279.85748,283.53162,0.9939575,0.95162964,0.96673584,9.536743e-07,7488.0,81059.0
2025-03-14 00:00:00,-3.8362274,-2.515213,279.8404,283.99527,0.99697876,0.7126465,0.9110718,0.0,56960.0,58913.0
2025-03-14 01:00:00,-3.9704132,-2.032318,279.8847,284.18622,0.9898987,0.6245117,0.9845886,0.0,117312.0,35889.0
2025-03-14 02:00:00,-4.365448,-1.5025787,280.33386,285.08655,0.9694824,0.7157898,1.0,0.0,330880.0,-36114.0
2025-03-14 03:00:00,-3.786026,-1.2292175,280.55444,285.4077,0.8988342,0.95669556,1.0,0.0,299328.0,-24414.0
2025-03-14 04:00:00,-3.4307404,-1.1350403,280.9082,285.51355,0.9761658,0.8005676,1.0,0.0,452608.0,-75466.0
2025-03-14 05:00:00,-3.2793274,-1.2807922,281.01318,285.70203,0.9824219,0.6497803,1.0,0.0,468608.0,-87761.0
2025-03-14 06:00:00,-3.269226,-1.6988983,281.17798,285.66248,1.0,0.7190552,1.0,0.0,436928.0,-77124.0
2025-03-14 07:00:00,-2.743637,-2.0331268,281.29498,285.5141,1.0,0.7359619,1.0,9.536743e-07,274560.0,-30489.0
2025-03-14 08:00:00,-2.6536865,-2.2677612,281.90112,284.5683,1.0,0.75823975,1.0,1.001358e-05,158208.0,-3983.0
2025-03-14 09:00:00,-3.0654297,-2.7286987,281.9854,284.24237,0.88900757,1.0,1.0,0.000106334686,57344.0,23853.0
2025-03-14 10:00:00,-2.7261353,-2.9263153,281.97974,283.73773,0.7270813,1.0,1.0,0.00073480606,15488.0,53317.0
2025-03-14 11:00:00,-3.5168304,-3.175766,282.15295,283.73672,0.76327515,1.0,0.9874878,0.0016245842,3.5999988e-12,82880.0
2025-03-14 12:00:00,-3.2235107,-3.2970276,282.09454,283.58304,0.9729004,1.0,1.0,0.0016388893,3.5999988e-12,83757.0
2025-03-14 13:00:00,-3.223526,-3.1561737,282.2574,283.43484,1.0,1.0,1.0,0.0018253326,3.5999988e-12,68457.0
2025-03-14 14:00:00,-2.446701,-3.36409,282.11035,283.19867,0.98999023,1.0,1.0,0.001431942,3.5999988e-12,53361.0
2025-03-14 15:00:00,-1.5785828,-3.8840942,282.2814,283.17432,0.9930115,1.0,1.0,0.0010437965,3.5999988e-12,50137.0
2025-03-14 16:00:00,-0.83332825,-4.3323364,282.2,283.22717,0.98605347,1.0,1.0,0.00046348572,3.5999988e-12,46010.0
2025-03-14 17:00:00,-0.08908081,-4.8350677,282.41116,283.11963,0.9512329,1.0,1.0,0.00021791458,3.5999988e-12,39956.0
2025-03-14 18:00:00,-0.03100586,-5.3629913,282.5173,283.03046,0.97979736,1.0,1.0,5.4359436e-05,3.5999988e-12,34859.0
2025-03-14 19:00:00,0.013259888,-6.2106323,282.41614,283.00806,0.913147,1.0,1.0,0.00030231476,3.5999988e-12,65862.0
2025-03-14 20:00:00,-0.9313965,-6.4223633,282.10873,282.94043,0.9071045,1.0,1.0,0.00019741058,3.5999988e-12,81910.0
2025-03-14 21:00:00,-1.6964722,-6.272766,282.0385,282.9627,0.9208374,1.0,1.0,3.7670135e-05,3.5999988e-12,89481.0
2025-03-14 22:00:00,-2.15979,-5.6559753,281.49042,283.10168,0.82769775,1.0,1.0,1.4305115e-05,3.5999988e-12,88519.0
2025-03-14 23:00:00,-2.0542145,-5.9648743,281.34058,283.03885,0.18389893,1.0,0.99697876,1.4305115e-06,15744.0,81517.0
2025-03-15 00:00:00,-2.286377,-6.135025,281.05255,282.99643,0.10092163,1.0,0.9901123,4.7683716e-07,94400.0,49054.0
2025-03-15 01:00:00,-1.8061676,-5.3742523,280.86475,283.06323,0.21929932,1.0,1.0,4.7683716e-07,288896.0,-35905.0
2025-03-15 02:00:00,-1.7165527,-5.4317017,280.36615,283.26288,0.76223755,1.0,1.0,0.0,519744.0,-129240.0
2025-03-15 03:00:00,-1.9532013,-5.9183197,280.33182,283.2444,0.980011,1.0,1.0,0.0,483136.0,-129575.0
2025-03-15 04:00:00,-2.1876526,-6.000839,280.23376,283.14465,0.92144775,1.0,1.0,0.0,406656.0,-109363.0
2025-03-15 05:00:00,-1.573761,-6.272934,280.25864,283.33582,0.7264404,1.0,1.0,0.0,550208.0,-176031.0
2025-03-15 06:00:00,-0.90530396,-6.532074,280.38074,283.1178,0.78674316,1.0,1.0,2.3841858e-06,387840.0,-120056.0
2025-03-15 07:00:00,-0.5335846,-6.573288,280.27966,282.96512,0.7241211,0.9745178,1.0,1.1444092e-05,260992.0,-72687.0
2025-03-15 08:00:00,-0.4677887,-6.3927155,280.12445,282.68054,0.12313843,0.9812317,1.0,7.724762e-05,202944.0,-40139.0
2025-03-15 09:00:00,-0.1630249,-5.805969,280.33466,282.6525,0.693573,0.9209595,1.0,0.00012779236,71872.0,25537.0
2025-03-15 10:00:00,0.4575348,-4.876114,280.3098,282.3948,0.7211914,0.8592529,1.0,0.00017929077,13888.0,60586.0
2025-03-15 11:00:00,1.1013641,-4.7156982,280.21906,282.2874,0.3357849,0.87802124,0.98999023,0.00017595291,3.5999988e-12,77597.0
2025-03-15 12:00:00,1.3207855,-4.6191406,280.20154,282.29156,0.5595398,0.9961548,0.98999023,0.00023174286,3.5999988e-12,76529.0
2025-03-15 13:00:00,2.0134277,-4.367218,279.89526,281.94446,0.9788208,0.95428467,0.98605347,0.00019550323,3.5999988e-12,79900.0
2025-03-15 14:00:00,2.3732758,-4.386322,279.4195,281.7678,0.5232239,0.78152466,0.9968567,9.1552734e-05,3.5999988e-12,73873.0
2025-03-15 15:00:00,2.848465,-4.6146393,278.98022,281.45172,0.0,0.3980713,0.9968567,1.2397766e-05,3.5999988e-12,82363.0
2025-03-15 16:00:00,2.5649414,-4.413025,278.6388,281.30222,0.0,0.0736084,0.94747925,0.0,3.5999988e-12,98756.0
2025-03-15 17:00:00,2.7082062,-3.9914856,278.01965,280.764,0.0,0.041534424,0.9706421,0.0,3.5999988e-12,90417.0
2025-03-15 18:00:00,2.6495209,-3.8405304,277.4148,280.8146,0.08206177,0.023742676,0.9352112,0.0,3.5999988e-12,86049.0
2025-03-15 19:00:00,2.553772,-4.104889,277.05328,280.73505,0.0,0.03302002,0.8838806,0.0,3.5999988e-12,60405.0
2025-03-15 20:00:00,2.3728943,-4.4675446,276.5235,280.65112,0.30648804,0.017791748,0.22906494,0.0,3.5999988e-12,101763.0
2025-03-15 21:00:00,2.3351135,-4.3065796,276.3648,280.82025,0.3371277,0.02154541,0.25021362,0.0,3.5999988e-12,129313.0
2025-03-15 22:00:00,2.2936707,-3.6165924,275.92657,280.5241,0.01071167,0.057861328,0.62106323,0.0,3.5999988e-12,119430.0
2025-03-15 23:00:00,2.0634155,-3.6415558,276.7704,281.07086,0.0,0.083099365,0.0,0.0,152064.0,61420.0
2025-03-16 00:00:00,2.2321472,-5.3627014,277.21307,281.71326,0.0,0.47387695,0.31192017,0.0,730880.0,-146561.0
2025-03-16 01:00:00,2.7879639,-5.584793,277.44916,281.73962,0.0,0.76123047,0.8924866,7.1525574e-06,1264512.0,-419248.0
2025-03-16 02:00:00,3.615982,-5.2272034,276.57657,281.927,0.0,0.78463745,0.74157715,2.861023e-05,1384384.0,-506663.0
2025-03-16 03:00:00,4.2281647,-5.7198944,276.76044,281.5703,0.0,0.55392456,0.19891357,6.389618e-05,1469376.0,-600220.0
2025-03-16 04:00:00,3.9897156,-5.932129,277.05847,281.86035,0.0,0.7397766,0.08404541,6.866455e-05,2309824.0,-919642.0
2025-03-16 05:00:00,3.6020203,-6.4292297,275.22095,281.9674,0.0,0.555542,0.08029175,0.00020551682,2022080.0,-825898.0
2025-03-16 06:00:00,3.284439,-7.008301,273.95508,281.9734,0.0,0.14724731,0.3862915,0.000102996826,1921408.0,-750621.0
2025-03-16 07:00:00,2.590744,-7.2903595,273.16724,282.20984,0.0,0.11380005,0.4567871,0.00015449524,1782912.0,-642769.0
2025-03-16 08:00:00,1.8725281,-7.517227,271.24402,281.07336,0.0,0.15423584,0.4607544,8.106232e-05,1379136.0,-448659.0
2025-03-16 09:00:00,0.76872253,-7.067108,271.4154,280.47717,0.0,0.28240967,0.2534485,0.0,612288.0,-136162.0
2025-03-16 10:00:00,-0.07720947,-5.0832977,271.54944,278.5965,0.0,0.12808228,0.39404297,0.0,176128.0,18155.0
2025-03-16 11:00:00,-0.29174805,-4.384186,271.22253,278.729,0.16326904,0.098083496,0.040130615,0.0,3.5999988e-12,64254.0
2025-03-16 12:00:00,-0.32347107,-3.553543,271.1018,278.50403,0.08459473,0.0,0.0,0.0,3.5999988e-12,78078.0
2025-03-16 13:00:00,-0.23918152,-3.2252808,271.17896,278.61682,0.98220825,0.0,0.0,0.0,3.5999988e-12,72458.0
2025-03-16 14:00:00,0.23501587,-2.8351593,271.49213,277.7973,0.9741516,0.0,0.0,0.0,3.5999988e-12,60339.0
2025-03-16 15:00:00,1.0871582,-2.230194,272.0329,277.51813,0.9729004,0.0,0.0,0.0,3.5999988e-12,35940.0
2025-03-16 16:00:00,1.7351379,-1.2407837,271.91107,277.00293,0.0031433105,0.0,0.0,0.0,3.5999988e-12,14599.0
2025-03-16 17:00:00,2.0191193,-0.68144226,272.1814,276.07495,0.23138428,0.0,0.0,0.0,3.5999988e-12,17215.0
2025-03-16 18:00:00,2.5568085,-0.45077515,272.10822,275.62695,0.91152954,0.0,0.0,0.0,3.5999988e-12,42312.0
2025-03-16 19:00:00,2.9351196,-0.3055725,271.5893,275.47327,0.0030212402,0.0,0.0,0.0,3.5999988e-12,50191.0
2025-03-16 20:00:00,3.2071533,-0.21403503,271.36243,275.19336,0.0,0.0,0.0,0.0,3.5999988e-12,59929.0
2025-03-16 21:00:00,3.296692,-0.15441895,271.3916,275.2766,0.0,0.0,0.0,0.0,3.5999988e-12,65375.0
2025-03-16 22:00:00,3.5716248,0.112976074,271.46844,277.54095,0.7053833,0.0,0.0,0.0,3.5999988e-12,65270.0
2025-03-16 23:00:00,3.6122131,-0.049102783,271.3047,277.4121,0.72720337,0.0,0.0,0.0,179776.0,17553.0
2025-03-17 00:00:00,3.4847717,-0.23815918,271.34344,278.766,0.16888428,0.0,0.0,0.0,813632.0,-163067.0
2025-03-17 01:00:00,3.9175262,-0.5022888,270.69806,279.86877,0.09536743,0.0,0.0,0.0,1521664.0,-391949.0
2025-03-17 02:00:00,4.4335938,-0.9525604,267.1183,282.95605,0.0,0.0,0.0,0.0,2145216.0,-601517.0
2025-03-17 03:00:00,4.181473,-1.3560333,267.6371,283.53577,0.0,0.0,0.0,0.0,2595200.0,-780369.0
2025-03-17 04:00:00,3.925171,-1.3296814,267.96674,283.78107,0.0,0.0,0.0,0.0,2832064.0,-876621.0
2025-03-17 05:00:00,3.8647919,-0.9973602,268.2392,285.13293,0.0,0.0,0.0,0.0,2836032.0,-860856.0
2025-03-17 06:00:00,4.348877,-0.6609497,268.5271,285.4109,0.0,0.0,0.0,0.0,2608448.0,-751434.0
2025-03-17 07:00:00,4.0466766,-0.6834564,268.34906,285.23645,0.0,0.0,0.0,0.0,2164096.0,-547881.0
2025-03-17 08:00:00,3.6408691,-0.28230286,268.45813,285.16248,0.0,0.0,0.0,0.0,1559616.0,-300598.0
2025-03-17 09:00:00,3.0666046,0.38339233,268.66138,284.76575,0.0,0.0,0.0,0.0,859776.0,-44586.0
2025-03-17 10:00:00,2.0164185,1.0386353,271.14124,281.7859,0.0,0.0,0.017089844,0.0,217536.0,94796.0
2025-03-17 11:00:00,2.2322845,1.4347382,271.19604,281.25305,0.0,0.0062561035,0.07498169,0.0,3.5999988e-12,103540.0
2025-03-17 12:00:00,2.2911682,1.7316589,271.07166,280.32788,0.009277344,0.0,0.09524536,0.0,3.5999988e-12,106817.0
2025-03-17 13:00:00,2.3143768,2.2136993,271.05017,280.82898,1.0,0.0,0.08276367,0.0,3.5999988e-12,116441.0
2025-03-17 14:00:00,2.7255402,2.3763885,271.1554,280.844,1.0,0.0,0.19030762,0.0,3.5999988e-12,133634.0
2025-03-17 15:00:00,3.2641144,2.1445312,271.0681,281.42957,1.0,0.0,0.07192993,0.0,3.5999988e-12,151956.0
2025-03-17 16:00:00,3.7265625,1.9933167,271.5453,281.47937,1.0,0.0,0.010009766,0.0,3.5999988e-12,165240.0
2025-03-17 17:00:00,4.0501556,1.8468323,272.06885,281.63428,1.0,0.0,0.0,0.0,3.5999988e-12,160858.0
2025-03-17 18:00:00,4.1868896,1.1531372,272.26917,281.651,0.9939575,0.0,0.0,0.0,3.5999988e-12,153224.0
2025-03-17 19:00:00,4.235565,-0.43940735,273.24268,281.53906,0.96585083,0.0,0.0,0.0,3.5999988e-12,148152.0
2025-03-17 20:00:00,3.50708,-2.4742126,274.32904,279.9109,0.0,0.0,0.0,0.0,3.5999988e-12,152965.0
2025-03-17 21:00:00,2.0647736,-2.8561249,274.74237,279.26508,0.0,0.0,0.0,0.0,3.5999988e-12,136342.0
2025-03-17 22:00:00,1.1546631,-2.7487183,274.7815,279.97797,0.0,0.0,0.0,0.0,3.5999988e-12,99245.0
2025-03-17 23:00:00,0.68666077,-3.3880463,275.09473,280.51868,0.0,0.0,0.0,0.0,179392.0,38390.0
2025-03-18 00:00:00,0.6650696,-3.550888,274.028,281.18042,0.0,0.0,0.0,0.0,791296.0,-143281.0
2025-03-18 01:00:00,0.9070282,-4.008087,272.79425,281.60776,0.0,0.0,0.0,0.0,1486656.0,-393564.0
2025-03-18 02:00:00,1.8027344,-4.297043,271.32263,283.98718,0.0,0.0,0.0,0.0,2101888.0,-621763.0
2025-03-18 03:00:00,2.5334625,-4.815201,270.396,284.47424,0.0,0.0,0.0,0.0,2553088.0,-802695.0
2025-03-18 04:00:00,2.705307,-5.1951904,269.81555,284.86584,0.0,0.0,0.0,0.0,2806400.0,-907297.0
2025-03-18 05:00:00,2.8249512,-5.1325684,269.307,285.3385,0.0,0.0,0.0,0.0,2808320.0,-913490.0
2025-03-18 06:00:00,3.3209686,-5.10347,269.49097,285.6084,0.0,0.0,0.2314148,0.0,2589248.0,-816267.0
2025-03-18 07:00:00,3.785202,-5.1674957,268.89563,285.76855,0.0,0.0,0.37097168,0.0,2065728.0,-548877.0
2025-03-18 08:00:00,3.2790833,-5.1881714,268.72705,284.80542,0.030426025,0.0,0.43859863,0.0,1454784.0,-293565.0
2025-03-18 09:00:00,-0.200531,-5.303955,270.6947,283.73657,0.0060424805,0.0,0.060333252,0.0,805440.0,-45129.0
2025-03-18 10:00:00,-1.3981934,-4.537628,271.66882,280.4546,0.0,0.0,0.0,0.0,217728.0,62360.0
2025-03-18 11:00:00,-1.8506927,-4.4154816,271.19592,279.46924,0.0093688965,0.0,0.0,0.0,3.5999988e-12,73112.0
2025-03-18 12:00:00,-1.5077362,-3.8567352,270.91235,279.25305,0.05102539,0.0,0.0,0.0,3.5999988e-12,70224.0
2025-03-18 13:00:00,-1.3707428,-3.2354126,270.8286,279.58655,0.028137207,0.0,0.0,0.0,3.5999988e-12,76445.0
2025-03-18 14:00:00,-1.004425,-2.517624,271.38458,278.49567,0.30200195,0.0,0.0,0.0,3.5999988e-12,74993.0
2025-03-18 15:00:00,-0.8199005,-2.3199768,271.66882,277.95978,0.95080566,0.0,0.0,0.0,3.5999988e-12,60668.0
2025-03-18 16:00:00,-0.8341522,-1.9717407,271.9831,277.7611,1.0,0.0,0.0,0.0,3.5999988e-12,34321.0
2025-03-18 17:00:00,-0.7165375,-1.4086914,272.42175,277.20923,0.9633179,0.0,0.0,0.0,3.5999988e-12,12826.0
2025-03-18 18:00:00,-0.28198242,-1.4719391,272.2397,277.38745,0.6872864,0.0,0.0,0.0,3.5999988e-12,-3111.0
2025-03-18 19:00:00,0.5257721,-1.0245819,272.2527,277.45642,0.23913574,0.0,0.0,0.0,3.5999988e-12,-3651.0
2025-03-18 20:00:00,1.1191101,-0.76223755,272.21832,275.41455,0.0031433105,0.0,0.0,0.0,3.5999988e-12,-3024.0
2025-03-18 21:00:00,1.5596619,-0.46957397,272.23572,274.85803,0.0,0.0,0.0,0.0,3.5999988e-12,3385.0
2025-03-18 22:00:00,1.7032166,-0.033981323,273.39758,277.26733,0.0,0.0,0.0,0.0,3.5999988e-12,8326.0
2025-03-18 23:00:00,1.9339905,-0.20269775,273.5976,278.31354,0.0,0.0,0.0,0.0,192576.0,-7398.0
2025-03-19 00:00:00,1.60466,-0.51348877,272.06152,279.59207,0.0,0.0,0.0,0.0,826688.0,-144554.0
2025-03-19 01:00:00,1.153122,-1.3664093,271.12408,280.50452,0.0,0.0,0.0,0.0,1537600.0,-353944.0
2025-03-19 02:00:00,0.5513153,-2.125534,268.13428,283.88965,0.0,0.0,0.0,0.0,2155136.0,-565958.0
2025-03-19 03:00:00,0.06665039,-2.2270203,267.9104,284.65015,0.0,0.0,0.0,0.0,2602240.0,-730428.0
2025-03-19 04:00:00,-0.3831787,-2.0208588,268.22205,284.79114,0.0,0.0,0.0,0.0,2835072.0,-806315.0
2025-03-19 05:00:00,-0.7475586,-1.4328918,268.22485,285.68518,0.0,0.0,0.0,0.0,2835456.0,-798072.0
2025-03-19 06:00:00,-0.8084259,-0.9083557,268.80554,285.55078,0.0,0.0,0.0,0.0,2605760.0,-708627.0
2025-03-19 07:00:00,-1.1974487,-0.50068665,269.02307,285.5243,0.0,0.0,0.015106201,0.0,2163008.0,-502424.0
2025-03-19 08:00:00,-1.9177094,0.12057495,269.55908,285.3092,0.0,0.0,0.0,0.0,1553344.0,-313176.0
2025-03-19 09:00:00,-2.5983582,0.94400024,270.71558,284.38098,0.0,0.0,0.0,0.0,858816.0,-99321.0
2025-03-19 10:00:00,-2.6366425,1.4606171,271.84308,281.85852,0.0,0.0,0.0,0.0,223424.0,51500.0
2025-03-19 11:00:00,-2.55513,2.5211945,271.70624,281.46588,0.0,0.0,0.0,0.0,64.0,100159.0
2025-03-19 12:00:00,-1.8055573,2.9890747,271.7057,281.2654,0.0,0.0,0.0,0.0,3.5999988e-12,98290.0
2025-03-19 13:00:00,-1.2821808,3.118805,272.0061,280.99258,0.0,0.0,0.0,0.0,3.5999988e-12,96517.0
2025-03-19 14:00:00,-0.9145508,3.0929413,272.2163,279.912,0.0,0.0,0.0,0.0,3.5999988e-12,97073.0
2025-03-19 15:00:00,-0.6044922,3.0112457,272.11438,279.79535,0.0,0.0,0.0,0.0,3.5999988e-12,94967.0
2025-03-19 16:00:00,-0.50912476,3.0302277,272.35046,280.0631,0.0,0.0,0.0,0.0,3.5999988e-12,92528.0
2025-03-19 17:00:00,-0.2913208,3.242508,273.49402,279.15283,0.0,0.0,0.0,0.0,3.5999988e-12,100876.0
2025-03-19 18:00:00,0.17581177,3.6279144,273.85144,278.82068,0.0,0.0,0.0,0.0,3.5999988e-12,116190.0
2025-03-19 19:00:00,0.69680786,3.8849335,274.42798,279.22815,0.0,0.0,0.0,0.0,3.5999988e-12,126850.0
2025-03-19 20:00:00,0.9286499,3.8859253,275.10474,278.80005,0.0,0.0,0.0062561035,0.0,3.5999988e-12,127118.0
2025-03-19 21:00:00,0.9098816,3.7005463,275.27264,278.93823,0.0,0.0,0.013244629,0.0,3.5999988e-12,124891.0
2025-03-19 22:00:00,0.92181396,3.299179,276.03967,280.56122,0.0,0.0,0.030944824,0.0,3.5999988e-12,123554.0
2025-03-19 23:00:00,0.7288666,3.9088593,276.21326,281.21912,0.0,0.0,0.047698975,0.0,194880.0,64727.0
2025-03-20 00:00:00,1.121933,4.0569,276.0708,282.535,0.0,0.0,0.006866455,0.0,801792.0,-109533.0
2025-03-20 01:00:00,1.3161774,4.339737,276.23566,283.37683,0.0,0.0,0.0030212402,0.0,1459520.0,-295907.0
2025-03-20 02:00:00,1.8179016,4.5264893,275.70276,287.7113,0.0,0.0,0.0,0.0,2115648.0,-494033.0
2025-03-20 03:00:00,2.2191162,4.3547974,276.02008,288.38562,0.0,0.0,0.0,0.0,2520896.0,-607457.0
2025-03-20 04:00:00,2.6885376,3.8356323,276.19794,289.17395,0.0,0.0,0.0,0.0,2783872.0,-669772.0
2025-03-20 05:00:00,3.4114685,3.0311584,275.83423,291.94873,0.0,0.0,0.0,0.0,2796992.0,-625778.0
2025-03-20 06:00:00,3.7780457,2.1781158,275.29834,292.39136,0.0,0.0,0.0,4.2915344e-06,2569920.0,-493984.0
2025-03-20 07:00:00,3.7595367,1.4541626,275.0548,292.65137,0.0,0.0,0.0031433105,0.0,2139776.0,-320880.0
2025-03-20 08:00:00,2.9920197,1.3792267,275.6046,292.68286,0.0,0.0,0.055755615,0.0,1507776.0,-98524.0
2025-03-20 09:00:00,1.6776428,1.6529083,276.40198,292.2317,0.0,0.0,0.033447266,0.0,855552.0,49144.0
2025-03-20 10:00:00,0.9418793,2.1087646,278.09167,287.54468,0.0,0.0,0.028503418,0.0,227520.0,118556.0
2025-03-20 11:00:00,0.56385803,3.0549927,277.88293,286.14105,0.0,0.0,0.0,0.0,128.0,136603.0
2025-03-20 12:00:00,0.88127136,3.3703308,277.75195,285.68127,0.0,0.0,0.0,0.0,3.5999988e-12,149997.0
2025-03-20 13:00:00,1.3474579,3.589264,277.453,286.18567,0.0,0.0,0.0,0.0,3.5999988e-12,162050.0
2025-03-20 14:00:00,1.6841736,3.6007233,277.213,285.49292,0.0,0.0,0.0,0.0,3.5999988e-12,173706.0
2025-03-20 15:00:00,2.1164246,3.2806702,276.94043,285.31317,0.0,0.0,0.0,0.0,3.5999988e-12,179413.0
2025-03-20 16:00:00,2.4706268,2.822342,276.71375,285.28387,0.0,0.0,0.0,0.0,3.5999988e-12,184718.0
2025-03-20 17:00:00,2.8052979,2.4431458,276.38037,283.89703,0.0,0.0,0.0,0.0,3.5999988e-12,189986.0
2025-03-20 18:00:00,3.0350494,2.0898895,276.02197,283.43915,0.0,0.0,0.0,0.0,3.5999988e-12,189589.0
2025-03-20 19:00:00,3.1832123,1.7067719,276.01245,283.41345,0.0,0.0,0.0,0.0,3.5999988e-12,175394.0
2025-03-20 20:00:00,3.2531433,1.3695221,276.2478,282.6266,0.0,0.0,0.0,0.0,3.5999988e-12,171154.0
2025-03-20 21:00:00,3.3593903,1.2270508,276.3377,282.66553,0.0,0.0,0.0,0.0,3.5999988e-12,168812.0
2025-03-20 22:00:00,2.9043121,1.2419281,276.72632,284.11273,0.0,0.0,0.0,0.0,3.5999988e-12,169201.0
2025-03-20 23:00:00,3.3648682,1.6800995,277.367,285.1109,0.0,0.0,0.0,0.0,212800.0,118702.0
2025-03-21 00:00:00,3.7745361,1.841629,277.50073,286.648,0.0,0.0,0.0,0.0,849984.0,-32924.0
2025-03-21 01:00:00,4.280899,1.789093,278.29822,288.75757,0.0031433105,0.0,0.0,0.0,1551232.0,-199362.0
2025-03-21 02:00:00,4.8760376,1.6252899,277.59607,293.41162,0.04675293,0.0,0.0,0.0,2161024.0,-336715.0
2025-03-21 03:00:00,5.408142,1.2274323,277.80017,294.47412,0.054138184,0.0,0.0,0.0,2603264.0,-428076.0
2025-03-21 04:00:00,5.7265778,0.9248352,277.52478,295.1206,0.18933105,0.0,0.0,0.0,2837632.0,-451315.0
2025-03-21 05:00:00,5.651764,0.6318207,275.30994,297.17407,0.181427,0.0,0.0,0.0,2844928.0,-405838.0
2025-03-21 06:00:00,5.4253235,0.348938,274.39893,297.302,0.17687988,0.0,0.0,0.0,2624320.0,-299171.0
2025-03-21 07:00:00,5.1261597,0.32385254,274.22705,297.27588,0.044067383,0.0,0.0,0.0,2173824.0,-139930.0
2025-03-21 08:00:00,4.371994,0.6606903,275.07837,296.58032,0.0,0.0,0.0,0.0,1585920.0,22944.0
2025-03-21 09:00:00,3.759262,0.99739075,275.2422,296.08447,0.0,0.0,0.0,0.0,888384.0,155471.0
2025-03-21 10:00:00,2.660141,1.2023468,276.82153,291.14142,0.0,0.0,0.0,0.0,240448.0,243695.0
2025-03-21 11:00:00,2.5625763,1.5671539,276.84558,289.88184,0.050048828,0.0,0.0,0.0,192.0,226883.0
2025-03-21 12:00:00,2.4435883,1.7815094,276.90283,290.12653,0.46218872,0.0,0.0,0.0,3.5999988e-12,211304.0
2025-03-21 13:00:00,2.4538727,1.9089355,276.4436,289.60638,0.27929688,0.0,0.0,0.0,3.5999988e-12,200832.0
2025-03-21 14:00:00,2.3179932,1.9928741,276.54126,287.73816,0.0,0.0,0.0,0.0,3.5999988e-12,196692.0
2025-03-21 15:00:00,2.3140411,2.094345,276.73547,287.41522,0.0,0.0,0.0,0.0,3.5999988e-12,193000.0
2025-03-21 16:00:00,2.256012,2.1888885,276.6681,287.17523,0.0,0.0,0.0,0.0,3.5999988e-12,187144.0
2025-03-21 17:00:00,2.1732635,2.17807,276.58374,285.40363,0.0,0.0,0.0,0.0,3.5999988e-12,175089.0
2025-03-21 18:00:00,2.4736786,2.0005646,276.6936,285.06232,0.0,0.0,0.0,0.0,3.5999988e-12,162180.0
2025-03-21 19:00:00,2.6031342,1.7663574,277.02612,284.6032,0.0,0.0,0.0,0.0,3.5999988e-12,152841.0
2025-03-21 20:00:00,2.6368256,1.572876,277.54626,283.70795,0.0,0.0,0.0,0.0,3.5999988e-12,146849.0
2025-03-21 21:00:00,2.8791962,1.5512848,277.65698,283.54535,0.0,0.0,0.0,0.0,3.5999988e-12,149539.0
2025-03-21 22:00:00,2.4641418,1.3343658,278.07898,286.0484,0.0,0.0,0.0,0.0,3.5999988e-12,151986.0
2025-03-21 23:00:00,2.8567505,1.5884552,278.8941,286.93036,0.0,0.0,0.0,0.0,221056.0,103233.0
2025-03-22 00:00:00,3.223114,1.4665833,278.6975,288.55554,0.0,0.0,0.0,0.0,857856.0,-30533.0
2025-03-22 01:00:00,3.4802246,1.3309021,279.13855,290.47656,0.0,0.0,0.0,0.0,1554368.0,-175173.0
2025-03-22 02:00:00,3.8904877,1.2763214,278.63727,295.20386,0.0,0.0,0.0,0.0,2158464.0,-292973.0
2025-03-22 03:00:00,4.4093018,1.1271057,278.9392,296.18018,0.0,0.0,0.0,0.0,2595648.0,-382080.0
2025-03-22 04:00:00,4.5871887,0.722702,278.92432,296.90942,0.0,0.0,0.0,0.0,2825216.0,-414880.0
2025-03-22 05:00:00,4.5150757,0.42437744,276.3069,298.51294,0.0,0.0,0.0,0.0,2827200.0,-376702.0
2025-03-22 06:00:00,4.754547,0.67832947,273.8921,298.76538,0.0,0.0,0.0,0.0,2603904.0,-256451.0
2025-03-22 07:00:00,4.585327,1.0510559,272.90356,298.6936,0.0,0.0,0.0,0.0,2179456.0,-98298.0
2025-03-22 08:00:00,3.4621735,1.3860321,275.16943,298.10522,0.0,0.0,0.0,0.0,1583296.0,50030.0
2025-03-22 09:00:00,2.4314728,1.4741364,275.52075,297.25488,0.0,0.0,0.0,0.0,889088.0,141586.0
2025-03-22 10:00:00,2.3054657,1.6150818,278.06946,291.49182,0.0,0.0,0.0,0.0,242560.0,153672.0
2025-03-22 11:00:00,1.7585449,1.9819031,277.71936,290.70715,0.0,0.0,0.0,0.0,320.0,147638.0
2025-03-22 12:00:00,1.1640778,2.053421,277.71155,290.35315,0.0,0.0,0.0,0.0,3.5999988e-12,147722.0
2025-03-22 13:00:00,0.91600037,2.5206757,278.2284,290.32263,0.0,0.0,0.0,0.0,3.5999988e-12,158267.0
2025-03-22 14:00:00,0.7553711,3.0263367,278.115,288.6349,0.0030212402,0.0,0.0,0.0,3.5999988e-12,173081.0
2025-03-22 15:00:00,0.854126,3.372528,278.02576,288.24335,0.018127441,0.0,0.0,0.0,3.5999988e-12,180300.0
2025-03-22 16:00:00,0.970047,3.4447937,278.4032,287.88586,0.050933838,0.0,0.0,0.0,3.5999988e-12,169419.0
2025-03-22 17:00:00,1.3637848,3.3455353,278.8817,287.1983,0.09628296,0.0,0.0,0.0,3.5999988e-12,153713.0
2025-03-22 18:00:00,1.9538727,2.957199,279.0879,287.29413,0.17880249,0.0,0.0,0.0,3.5999988e-12,143764.0
2025-03-22 19:00:00,2.3866272,2.525055,278.99573,286.8203,0.12841797,0.0,0.0,0.0,3.5999988e-12,166373.0
2025-03-22 20:00:00,2.6185913,2.14682,278.88538,285.86157,0.023956299,0.0,0.0,0.0,3.5999988e-12,168354.0
2025-03-22 21:00:00,2.6665192,1.8424225,278.77386,285.7083,0.0,0.0,0.0,0.0,3.5999988e-12,161289.0
2025-03-22 22:00:00,2.0781555,1.5772247,279.06244,287.7461,0.0,0.0,0.0093688965,0.0,64.0,150155.0
2025-03-22 23:00:00,2.6142426,1.6359558,279.80084,288.32617,0.0,0.0,0.08300781,0.0,219584.0,98790.0
2025-03-23 00:00:00,2.4406586,1.5355377,280.16736,289.79224,0.0,0.0,0.0,0.0,844096.0,-37471.0
2025-03-23 01:00:00,2.6439514,1.7780304,280.84964,291.5968,0.0,0.0,0.0,0.0,1548416.0,-174037.0
2025-03-23 02:00:00,2.9610443,1.8414459,280.102,296.7058,0.0,0.0,0.0,0.0,2147776.0,-291056.0
2025-03-23 03:00:00,3.18367,2.1383667,280.23926,297.73438,0.0,0.0,0.0,0.0,2578624.0,-370174.0
2025-03-23 04:00:00,3.567276,2.254181,279.7307,298.44678,0.0,0.0,0.0,0.0,2797952.0,-395917.0
2025-03-23 05:00:00,3.7565918,2.4632568,279.05176,299.96533,0.05267334,0.0,0.0,0.0,2760576.0,-351501.0
2025-03-23 06:00:00,3.7881317,2.69339,278.0138,300.50537,0.19015503,0.0,0.012512207,0.0,2511808.0,-242728.0
2025-03-23 07:00:00,3.3934479,2.5778198,278.11987,300.59424,0.05496216,0.0,0.5124512,0.0,2088064.0,-96802.0
2025-03-23 08:00:00,2.1512299,1.9497375,281.4148,298.95874,0.0,0.0,0.9527893,0.0,1183488.0,56928.0
2025-03-23 09:00:00,1.624466,1.7154846,282.60315,297.81982,0.39819336,0.0,0.88046265,0.0,301952.0,96112.0
2025-03-23 10:00:00,1.7051849,1.6746979,283.46448,294.27234,0.8635254,0.0,0.975708,0.0,75648.0,83709.0
2025-03-23 11:00:00,3.3038177,-0.054092407,282.8485,293.70117,0.7017212,0.0,0.98779297,0.0,128.0,110265.0
2025-03-23 12:00:00,4.502411,-1.9372406,282.42334,293.73596,0.50686646,0.0,0.98999023,1.9073486e-06,3.5999988e-12,157205.0
2025-03-23 13:00:00,3.097351,-2.3467712,282.01923,293.58044,0.69351196,0.0,0.98147583,0.0,3.5999988e-12,173954.0
2025-03-23 14:00:00,2.0396729,-1.8977356,283.48553,291.14722,0.20544434,0.0,0.99697876,0.0,3.5999988e-12,89930.0
2025-03-23 15:00:00,2.1309204,-1.0959167,284.28217,290.68213,0.0076904297,0.0,1.0,0.0,3.5999988e-12,28992.0
2025-03-23 16:00:00,2.1004486,0.6140442,284.17963,290.5868,0.0,0.0,0.9749756,9.536743e-07,3.5999988e-12,10226.0
2025-03-23 17:00:00,1.9217987,1.9672546,283.58655,289.9259,0.0,0.0,0.7043152,0.0,3.5999988e-12,35399.0
2025-03-23 18:00:00,2.1820374,1.8896484,283.5182,289.8866,0.0,0.0030212402,0.24804688,0.0,3.5999988e-12,77677.0
2025-03-23 19:00:00,2.4360657,1.6986237,283.65784,289.34985,0.0,0.0,0.075042725,0.0,3.5999988e-12,111396.0
2025-03-23 20:00:00,2.363449,2.0095367,284.04077,288.14874,0.0,0.0,0.0211792,0.0,3.5999988e-12,117188.0
2025-03-23 21:00:00,2.2893066,2.140564,284.21933,287.89545,0.0,0.0,0.0,0.0,3.5999988e-12,121887.0
2025-03-23 22:00:00,2.3735046,2.0362854,284.78656,289.20605,0.0,0.0,0.0,0.0,320.0,124786.0
2025-03-23 23:00:00,2.8850403,2.3919983,284.8894,289.7428,0.0,0.0,0.0,0.0,234944.0,73758.0
2025-03-24 00:00:00,3.1533813,2.2906036,285.06903,291.0569,0.0,0.0,0.0,0.0,874432.0,-71226.0
2025-03-24 01:00:00,3.6640167,2.2585297,284.81714,291.89612,0.0,0.0,0.0,0.0,1564800.0,-222443.0
2025-03-24 02:00:00,4.045761,2.199646,284.0281,296.59863,0.0,0.0,0.0,0.0,2173952.0,-363759.0
2025-03-24 03:00:00,4.077759,2.222824,283.49286,297.25684,0.0,0.0,0.0,0.0,2608576.0,-451719.0
2025-03-24 04:00:00,4.1471863,2.1876068,282.47272,297.9839,0.0,0.0,0.0,0.0,2834304.0,-461556.0
2025-03-24 05:00:00,4.493332,1.9271545,279.87537,300.0923,0.0,0.0,0.0,0.0,2835456.0,-398560.0
2025-03-24 06:00:00,4.84433,1.4108429,278.31982,300.29224,0.0,0.0,0.0,0.0,2609344.0,-271658.0
2025-03-24 07:00:00,4.640732,1.3896484,278.24365,300.30054,0.0,0.0,0.0,0.0,2181888.0,-94723.0
2025-03-24 08:00:00,3.4056244,1.8105927,279.80884,299.71777,0.0,0.0,0.0,0.0,1587264.0,50315.0
2025-03-24 09:00:00,2.400589,1.9745636,280.51562,298.7339,0.0,0.0,0.0,0.0,896768.0,144563.0
2025-03-24 10:00:00,1.5770111,1.907486,280.69086,294.7163,0.0,0.0,0.0,0.0,251264.0,183297.0
2025-03-24 11:00:00,1.2663727,2.1623535,280.7315,293.55945,0.0,0.0,0.0,0.0,640.0,167900.0
2025-03-24 12:00:00,1.1403503,2.2430115,280.6836,293.02014,0.0,0.0,0.0,0.0,3.5999988e-12,159748.0
2025-03-24 13:00:00,0.9126892,2.6404724,281.06696,292.30518,0.0,0.0,0.0,0.0,3.5999988e-12,160016.0
2025-03-24 14:00:00,0.6828613,2.9385986,281.31305,290.7102,0.0,0.0,0.0,0.0,3.5999988e-12,161183.0
2025-03-24 15:00:00,0.6061554,3.1234894,281.28882,290.22083,0.0,0.0,0.0,0.0,3.5999988e-12,160683.0
2025-03-24 16:00:00,0.67852783,2.9865265,281.344,290.18262,0.06124878,0.0,0.0,0.0,3.5999988e-12,162083.0
2025-03-24 17:00:00,0.7497864,2.6762695,281.51392,288.94714,0.0345459,0.0,0.0,0.0,3.5999988e-12,152508.0
2025-03-24 18:00:00,1.016037,2.5181732,281.47797,288.58813,0.05404663,0.0,0.0,0.0,3.5999988e-12,130626.0
2025-03-24 19:00:00,1.2586365,2.3982697,281.30463,288.28033,0.021636963,0.0,0.0,0.0,3.5999988e-12,105142.0
2025-03-24 20:00:00,1.3269196,2.1741028,280.96918,287.53986,0.033966064,0.0,0.0,0.0,3.5999988e-12,106302.0
2025-03-24 21:00:00,1.3086243,1.9429321,280.80878,287.15082,0.019989014,0.0,0.0,0.0,3.5999988e-12,96679.0
2025-03-24 22:00:00,1.0957031,1.9039154,281.04102,288.16003,0.013946533,0.0,0.0,0.0,640.0,87072.0
2025-03-24 23:00:00,1.2407837,2.6813965,282.03528,289.78943,0.0,0.0,0.0,0.0,248000.0,64095.0
2025-03-25 00:00:00,1.3860321,3.0210266,282.05933,291.75732,0.0,0.0,0.0,0.0,888960.0,-35080.0
2025-03-25 01:00:00,1.6113586,3.1248627,283.05032,294.0205,0.0,0.0,0.0,0.0,1581504.0,-150127.0
2025-03-25 02:00:00,2.0255127,3.4533844,281.92682,298.86646,0.0,0.0,0.0,0.0,2181888.0,-249998.0
2025-03-25 03:00:00,2.6062927,3.667282,281.3589,299.60498,0.0,0.0,0.0,0.0,2618752.0,-329461.0
2025-03-25 04:00:00,3.1913605,3.3396912,280.45776,300.1162,0.0,0.0,0.0,0.0,2847552.0,-348675.0
2025-03-25 05:00:00,3.4761353,2.441986,279.2444,302.38477,0.0,0.0,0.0,0.0,2850240.0,-308733.0
2025-03-25 06:00:00,3.3225555,1.6703491,278.58325,302.41846,0.0,0.0,0.0,0.0,2626368.0,-222777.0
2025-03-25 07:00:00,2.776764,1.6087036,279.02002,302.43286,0.0,0.0,0.0,0.0,2198144.0,-88488.0
2025-03-25 08:00:00,1.8800201,1.7631683,281.13782,301.48657,0.0,0.0,0.0,0.0,1599168.0,26892.0
2025-03-25 09:00:00,1.1515503,2.014618,282.67676,300.47876,0.0,0.0,0.0,0.0,905472.0,85047.0
2025-03-25 10:00:00,0.64549255,1.9091644,283.71887,294.60938,0.0,0.0,0.0,0.0,257536.0,76945.0
2025-03-25 11:00:00,-0.6408539,2.166687,283.16003,293.24927,0.0,0.0,0.0,0.0,896.0,67902.0
2025-03-25 12:00:00,-1.3339081,2.0069275,283.68518,292.4674,0.0,0.0,0.0,0.0,3.5999988e-12,71965.0
2025-03-25 13:00:00,-1.4054871,2.5075073,283.99487,292.1765,0.0,0.0,0.0,0.0,3.5999988e-12,95421.0
2025-03-25 14:00:00,-1.2316437,2.8519287,283.7246,290.83032,0.0,0.0,0.0,0.0,3.5999988e-12,121153.0
2025-03-25 15:00:00,-1.2122498,2.5485535,284.50464,290.8756,0.0,0.0,0.0,0.0,3.5999988e-12,127739.0
2025-03-25 16:00:00,-1.2976227,2.4122925,285.01196,290.93604,0.0,0.0,0.0,0.0,3.5999988e-12,118381.0
2025-03-25 17:00:00,-1.3537445,2.5176086,285.62073,289.8249,0.0,0.0,0.0,0.0,3.5999988e-12,116131.0
2025-03-25 18:00:00,-1.3460236,2.6224518,285.86804,289.89978,0.0,0.0,0.0,0.0,3.5999988e-12,116497.0
2025-03-25 19:00:00,-1.2147827,2.951065,286.21356,289.706,0.0,0.0,0.0,0.0,3.5999988e-12,100486.0
2025-03-25 20:00:00,-0.955719,3.3418121,285.99316,289.21448,0.0,0.0,0.0,0.0,3.5999988e-12,113471.0
2025-03-25 21:00:00,-0.6848297,3.5960388,285.56378,288.84192,0.0,0.0,0.0,0.0,3.5999988e-12,129425.0
2025-03-25 22:00:00,-0.7251129,2.9062958,286.75745,290.39563,0.0,0.0,0.0,0.0,1088.0,145083.0
2025-03-25 23:00:00,-1.161377,3.2795868,286.9049,291.38123,0.0,0.0,0.0,0.0,257472.0,87595.0
2025-03-26 00:00:00,-1.5086365,3.3374176,286.75366,292.16064,0.0,0.0,0.0,0.0,888448.0,-62922.0
2025-03-26 01:00:00,-1.6121368,3.7361755,287.15863,293.23022,0.0,0.0,0.0,0.0,1551424.0,-231355.0
2025-03-26 02:00:00,-1.4880981,4.467758,288.00134,296.9773,0.0,0.0,0.0030212402,0.0,2118912.0,-388501.0
2025-03-26 03:00:00,-1.3138275,4.7868805,288.40442,298.69482,0.0,0.0,0.026031494,0.0,2516672.0,-496924.0
2025-03-26 04:00:00,-1.1929779,4.812393,288.23663,299.19287,0.0,0.0,0.040924072,0.0,2728128.0,-535369.0
2025-03-26 05:00:00,-1.3194733,4.807373,289.32483,301.59692,0.0,0.0,0.053833008,0.0,2681536.0,-503947.0
2025-03-26 06:00:00,-1.6846466,4.71756,289.6195,302.1394,0.0,0.0,0.023010254,0.0,2481664.0,-448425.0
2025-03-26 07:00:00,-1.9761353,4.3350525,289.8844,301.37915,0.0030212402,0.0,0.01071167,0.0,2061760.0,-362907.0
2025-03-26 08:00:00,-1.3381042,4.5758514,290.64868,299.95142,0.39520264,0.0,0.1381836,0.0,1469120.0,-217716.0
2025-03-26 09:00:00,-0.9234772,3.9913635,291.50952,299.65503,0.12145996,0.0,0.21948242,0.0,797632.0,-43698.0
2025-03-26 10:00:00,-1.3511658,2.974701,290.21008,296.60498,0.0,0.0,0.038757324,0.0,227008.0,93495.0
2025-03-26 11:00:00,-1.4188385,3.5960083,289.99255,295.8452,0.0,0.0,0.0030212402,0.0,1024.0,148658.0
2025-03-26 12:00:00,-1.0891876,3.936203,289.8429,295.23047,0.010009766,0.0,0.010009766,0.0,3.5999988e-12,150102.0
2025-03-26 13:00:00,-0.73324585,4.1284943,289.63538,294.65967,0.019989014,0.0,0.010009766,0.0,3.5999988e-12,141309.0
2025-03-26 14:00:00,-0.6505432,3.8762512,289.19348,292.92017,0.019989014,0.0,0.010009766,0.0,3.5999988e-12,141630.0
2025-03-26 15:00:00,-0.55062866,3.586441,289.0968,292.79346,0.6305847,0.0,0.0115356445,0.0,3.5999988e-12,139997.0
2025-03-26 16:00:00,-0.40460205,3.3945312,288.85223,292.9685,0.9409485,0.0,0.0,0.0,3.5999988e-12,126433.0
2025-03-26 17:00:00,-0.35888672,2.9181366,288.56122,293.22546,0.9446411,0.0,0.056396484,0.0,3.5999988e-12,101940.0
2025-03-26 18:00:00,0.25442505,2.5506287,289.08765,293.2798,0.8432312,0.0,0.43218994,0.00017738342,3.5999988e-12,74823.0
2025-03-26 19:00:00,-0.5492554,1.8480377,289.18787,293.02258,0.95910645,0.0,0.5589905,5.2928925e-05,3.5999988e-12,37617.0
2025-03-26 20:00:00,0.7668915,1.3710327,288.86743,291.3777,1.0,0.0,0.41479492,0.0007095337,3.5999988e-12,34911.0
2025-03-26 21:00:00,2.0491333,-0.3036499,289.21167,291.95654,1.0,0.012084961,0.41064453,0.0047245026,3.5999988e-12,61456.0
2025-03-26 22:00:00,-1.3259888,-2.306076,289.60217,291.20374,1.0,0.0030212402,0.5517578,0.0035543442,448.0,58813.0
2025-03-26 23:00:00,-0.38528442,-1.8379822,290.151,291.87415,1.0,0.0,0.92852783,0.0023117065,61888.0,10027.0
2025-03-27 00:00:00,0.40045166,-2.174881,290.7578,291.87195,1.0,0.0,0.9909363,0.0022654533,155648.0,3593.0
2025-03-27 01:00:00,0.9990692,-3.3783417,291.18176,291.74646,1.0,0.15350342,0.9968567,0.0020666122,170752.0,6.0
2025-03-27 02:00:00,0.53253174,-4.4045105,290.33936,291.20093,1.0,0.39993286,1.0,0.0029144287,336960.0,-28684.0
2025-03-27 03:00:00,1.0001678,-4.4024963,289.65234,289.92407,1.0,0.6522522,0.9725952,0.0047721863,306624.0,-31396.0
2025-03-27 04:00:00,1.2202301,-5.5918427,287.22095,287.9547,0.915802,1.0,0.98605347,0.0028028488,292096.0,-60895.0
2025-03-27 05:00:00,0.6919708,-6.2485504,284.2599,286.79565,0.25289917,1.0,0.85202026,0.00021839142,411776.0,-134743.0
2025-03-27 06:00:00,-0.07510376,-7.2836456,282.95367,286.4823,0.0060424805,1.0,0.5084839,7.6293945e-06,469376.0,-187129.0
2025-03-27 07:00:00,-1.0589752,-7.6123657,283.13635,287.4264,0.019073486,0.91726685,0.16699219,0.0,502208.0,-131059.0
2025-03-27 08:00:00,-1.6419373,-7.8330994,281.6787,286.20624,0.0,0.48028564,0.05102539,0.0,740736.0,-280523.0
2025-03-27 09:00:00,-1.6176605,-8.358734,281.40503,285.9975,0.015533447,0.72787476,0.63549805,0.0,466240.0,-191570.0
2025-03-27 10:00:00,-1.9581604,-7.0395203,278.49976,285.30713,0.032073975,0.6283264,0.6838684,0.0,86400.0,-71292.0
2025-03-27 11:00:00,-1.1487579,-7.574646,277.81476,285.3105,0.028137207,0.1642456,0.9395447,0.0,640.0,-19855.0
2025-03-27 12:00:00,-0.6503906,-7.2056274,277.16907,285.63977,0.67907715,0.010009766,1.0,0.0,3.5999988e-12,-23815.0
2025-03-27 13:00:00,-0.93582153,-6.8529205,276.8324,285.80127,1.0,0.023010254,0.980011,0.0,3.5999988e-12,-27422.0
2025-03-27 14:00:00,-1.429718,-7.661087,276.27234,284.5848,1.0,0.055114746,0.9788208,0.0,3.5999988e-12,-27451.0
2025-03-27 15:00:00,-0.9024048,-7.775299,275.54144,284.7353,1.0,0.0,1.0,4.2915344e-05,3.5999988e-12,-32583.0
2025-03-27 16:00:00,-0.39448547,-6.6990967,277.86035,284.22046,1.0,0.0473938,1.0,0.0006322861,3.5999988e-12,63376.0
2025-03-27 17:00:00,-0.21876526,-6.1443024,278.31982,282.52902,1.0,0.19943237,1.0,0.0010919571,3.5999988e-12,79008.0
2025-03-27 18:00:00,0.5115509,-6.2383575,278.78613,282.15515,1.0,0.79299927,1.0,0.001232624,3.5999988e-12,61957.0
2025-03-27 19:00:00,1.18927,-5.5268097,278.83478,281.90698,0.8665161,0.92541504,1.0,0.00056123734,3.5999988e-12,11142.0
2025-03-27 20:00:00,1.3641052,-5.3269043,278.83685,281.84323,0.17868042,0.560791,1.0,0.0005578995,3.5999988e-12,8868.0
2025-03-27 21:00:00,1.2074738,-5.955475,278.10852,281.7245,0.05999756,0.44863892,1.0,0.0004172325,3.5999988e-12,25884.0
2025-03-27 22:00:00,0.8835449,-6.183609,277.37207,281.7166,0.31954956,0.37704468,1.0,6.771088e-05,256.0,30320.0
2025-03-27 23:00:00,0.96917725,-5.4647827,277.09088,281.97552,0.37548828,0.3343811,1.0,0.0,37824.0,7952.0
2025-03-28 00:00:00,1.3537598,-5.1041565,277.15723,282.27615,0.44247437,0.50231934,0.9968567,0.0,131776.0,-25046.0
2025-03-28 01:00:00,1.7161865,-5.7321014,277.00452,282.45627,0.46325684,0.7474365,0.569458,0.0,338048.0,-101598.0
2025-03-28 02:00:00,0.80810547,-5.612915,276.32703,283.73395,0.33700562,0.8302002,0.5132446,0.0,709184.0,-251976.0
2025-03-28 03:00:00,0.3099823,-5.402817,276.38568,283.4837,0.8552246,0.6121826,0.97720337,0.000120162964,608512.0,-219137.0
2025-03-28 04:00:00,0.51286316,-5.548126,276.23395,283.73627,0.9909363,0.5012512,0.9831238,6.484985e-05,1422720.0,-502781.0
2025-03-28 05:00:00,0.38568115,-4.9269867,275.57233,283.2172,1.0,0.31311035,0.9279785,0.00016880035,1046656.0,-353605.0
2025-03-28 06:00:00,-0.39474487,-4.5736084,275.22992,283.67206,1.0,0.15057373,0.9637146,9.393692e-05,1169920.0,-341104.0
2025-03-28 07:00:00,-0.78256226,-4.291519,274.63025,283.39005,1.0,0.036376953,0.9939575,0.0001244545,494656.0,-112302.0
2025-03-28 08:00:00,-0.81585693,-3.6055908,275.1765,283.1117,1.0,0.040649414,0.986969,0.00015258789,244992.0,-27102.0
2025-03-28 09:00:00,-0.9446411,-2.4383087,276.18066,282.71982,1.0,0.01876831,0.9939575,0.00032043457,130368.0,-1013.0
2025-03-28 10:00:00,-0.8410492,-1.74646,276.89294,280.90228,1.0,0.0,0.90670776,0.00053215027,22592.0,9623.0
2025-03-28 11:00:00,-0.07369995,-0.60206604,276.10968,280.2109,0.99697876,0.0,0.7415161,0.00056505203,320.0,6943.0
2025-03-28 12:00:00,1.2915344,0.43818665,275.80786,279.92337,0.8452759,0.030792236,0.8236084,0.00047588348,3.5999988e-12,2045.0
2025-03-28 13:00:00,1.5313721,1.1979828,276.08643,279.84448,0.61035156,0.0,0.938324,0.00030517578,3.5999988e-12,-6496.0
2025-03-28 14:00:00,2.1793518,1.8884735,276.1731,279.62573,0.5718384,0.018463135,0.51416016,7.724762e-05,3.5999988e-12,-9155.0
2025-03-28 15:00:00,2.627884,1.8787842,276.7527,279.82468,0.581604,0.024291992,0.6114502,0.00024795532,3.5999988e-12,-2180.0
2025-03-28 16:00:00,2.8781433,1.6811676,276.79553,279.65332,0.5770874,0.097473145,0.9422302,1.6212463e-05,3.5999988e-12,-4415.0
2025-03-28 17:00:00,2.9967194,1.4143982,276.91803,279.68973,0.68911743,0.17230225,0.940094,4.7683716e-05,3.5999988e-12,-8164.0
2025-03-28 18:00:00,3.5331268,1.0936584,277.0843,279.5434,0.76394653,0.47143555,0.8725586,4.673004e-05,3.5999988e-12,-1605.0
2025-03-28 19:00:00,3.6132507,1.0877991,277.12268,279.635,0.95162964,0.6694336,0.9545288,1.4305115e-05,3.5999988e-12,144.0
2025-03-28 20:00:00,3.894806,0.8316345,277.617,279.62576,0.9598694,0.57196045,0.97094727,1.001358e-05,3.5999988e-12,-7238.0
2025-03-28 21:00:00,3.868225,0.5054779,277.9585,279.69586,0.65182495,0.53582764,0.9486084,1.04904175e-05,3.5999988e-12,-9976.0
2025-03-28 22:00:00,3.4844818,-0.54351807,279.28848,281.35474,0.6916504,0.4205017,0.8982544,1.4305115e-06,2112.0,4598.0
2025-03-28 23:00:00,4.2636566,-1.6082153,279.46008,281.58926,0.67892456,0.33657837,0.932312,0.0,140480.0,-32314.0
2025-03-29 00:00:00,3.743393,-2.3673706,279.07477,282.07452,1.0,0.3878479,1.0,0.0,523136.0,-128027.0
2025-03-29 01:00:00,3.0516968,-2.9273834,278.2796,282.26587,1.0,0.22845459,0.98999023,0.0,634560.0,-166338.0
2025-03-29 02:00:00,2.0358582,-3.6581726,276.70276,283.42966,1.0,0.10592651,0.97314453,0.0,861440.0,-241214.0
2025-03-29 03:00:00,0.8620148,-3.9040222,276.09607,283.40765,1.0,0.1487732,0.9690552,0.0,1026304.0,-280487.0
2025-03-29 04:00:00,0.39881897,-4.475128,274.95923,283.50677,1.0,0.21398926,0.96209717,0.0,1444992.0,-428978.0
2025-03-29 05:00:00,0.015899658,-3.9167938,273.7234,283.23257,1.0,0.21881104,0.97979736,0.0,1080320.0,-267442.0
2025-03-29 06:00:00,-0.31707764,-3.7674255,273.37537,283.27222,0.9968567,0.30603027,0.98916626,0.0,996928.0,-238341.0
2025-03-29 07:00:00,-0.2813263,-3.8455963,273.5802,283.5412,0.9773865,0.25375366,1.0,0.0,651072.0,-128091.0
2025-03-29 08:00:00,-0.58117676,-3.917221,274.1267,282.82263,0.13000488,0.28622437,0.9923096,1.9073486e-06,490752.0,-76483.0
2025-03-29 09:00:00,-1.5577393,-3.4480743,275.2091,282.51215,0.3565979,0.39517212,0.8944702,7.6293945e-06,492608.0,-65304.0
2025-03-29 10:00:00,-1.3258209,-2.1359863,274.71777,281.85248,0.6346741,0.08270264,0.30685425,0.0,204608.0,27945.0
2025-03-29 11:00:00,-1.9176483,-2.1468964,275.3661,281.42725,0.9029236,0.0060424805,0.31298828,0.0,1984.0,70728.0
2025-03-29 12:00:00,-1.9788971,-2.1305847,275.0681,281.54858,0.9739685,0.009887695,0.7779846,0.0,3.5999988e-12,63667.0
2025-03-29 13:00:00,-2.434082,-2.8298798,274.69556,281.5003,0.9378052,0.0030212402,0.9517517,0.0,3.5999988e-12,76551.0
2025-03-29 14:00:00,-2.0623627,-2.9157104,274.44873,281.4235,0.91174316,0.009063721,0.6504822,0.0,3.5999988e-12,67718.0
2025-03-29 15:00:00,-1.8269806,-2.4641418,274.4513,280.95996,0.92092896,0.0211792,0.4512329,0.0,3.5999988e-12,76397.0
2025-03-29 16:00:00,-1.8766327,-1.9922943,274.3208,280.81757,0.953125,0.024169922,0.7608032,0.0,3.5999988e-12,74163.0
2025-03-29 17:00:00,-1.8269806,-2.065155,273.95288,280.55646,0.97314453,0.027404785,0.5812073,0.0,3.5999988e-12,51883.0
2025-03-29 18:00:00,-1.8088074,-1.6292572,273.42896,280.6349,0.9500122,0.012084961,0.53482056,0.0,3.5999988e-12,43978.0
2025-03-29 19:00:00,-1.6465454,-1.9107056,273.33746,280.53308,1.0,0.0093688965,0.01373291,0.0,3.5999988e-12,37012.0
2025-03-29 20:00:00,-1.6726379,-2.0949707,273.828,279.87756,0.9939575,0.0031433105,0.0,0.0,3.5999988e-12,54271.0
2025-03-29 21:00:00,-1.5585022,-1.8040009,273.99677,279.81873,1.0,0.0,0.0,0.0,3.5999988e-12,52943.0
2025-03-29 22:00:00,-1.8322601,-1.64505,273.7478,281.14124,0.9564514,0.0,0.0,0.0,3904.0,44195.0
2025-03-29 23:00:00,-2.6103973,-1.5696259,273.5489,281.64508,0.9906311,0.0,0.0,0.0,245440.0,8933.0
2025-03-30 00:00:00,-3.366272,-1.2817688,272.55225,282.17743,0.9620056,0.0,0.0,0.0,636544.0,-82041.0
2025-03-30 01:00:00,-3.3202972,-0.7405853,272.7923,282.45206,0.9845886,0.042816162,0.0,0.0,1211648.0,-270387.0
2025-03-30 02:00:00,-3.7895203,-0.27442932,272.26892,283.61926,0.97906494,0.063446045,0.0,0.0,1519488.0,-386882.0
2025-03-30 03:00:00,-3.8401031,-0.20806885,272.54147,284.0938,0.98291016,0.16152954,0.0,0.0,2159296.0,-633340.0
2025-03-30 04:00:00,-3.4969635,-0.66781616,272.48172,284.12018,0.94384766,0.16793823,0.012298584,0.0,2581824.0,-777375.0
2025-03-30 05:00:00,-3.817047,-0.5700989,271.4146,284.25574,0.9179077,0.13198853,0.24472046,0.0,2712192.0,-839426.0
2025-03-30 06:00:00,-3.8529968,-0.072631836,271.5374,284.34174,0.98791504,0.0362854,0.9758301,0.0,2205056.0,-683049.0
2025-03-30 07:00:00,-3.6584167,-0.11576843,271.57544,284.00702,0.98373413,0.0,0.7825012,0.0,673216.0,-183490.0
2025-03-30 08:00:00,-3.6798553,0.2594757,271.40546,282.85913,0.8934326,0.0,0.82263184,0.0,781760.0,-185679.0
2025-03-30 09:00:00,-3.335846,0.65800476,271.36493,282.7918,0.7288513,0.0,0.88778687,0.0,518848.0,-92138.0
2025-03-30 10:00:00,-2.4833374,0.6731262,270.25537,281.51355,0.038513184,0.0,0.83135986,0.0,155904.0,5403.0
2025-03-30 11:00:00,-2.396469,0.58122253,270.46277,281.346,0.06161499,0.0,0.627655,0.0,1984.0,47102.0
2025-03-30 12:00:00,-2.125534,0.28935242,271.65112,281.06232,1.0,0.0,0.091033936,0.0,3.5999988e-12,57644.0
2025-03-30 13:00:00,-2.1611328,0.20539856,272.15662,280.5395,1.0,0.0,0.0,0.0,3.5999988e-12,53070.0
2025-03-30 14:00:00,-2.008667,-0.007904053,272.49634,279.79034,0.9831238,0.0,0.0,0.0,3.5999988e-12,46517.0
2025-03-30 15:00:00,-1.9962463,0.110580444,272.70526,279.8532,0.99697876,0.0,0.0,0.0,3.5999988e-12,44912.0
2025-03-30 16:00:00,-2.0499115,0.24346924,272.8806,279.93127,0.9768982,0.0,0.0,0.0,3.5999988e-12,43013.0
2025-03-30 17:00:00,-1.7791138,0.55477905,273.28333,279.30322,1.0,0.0,0.0,0.0,3.5999988e-12,33134.0
2025-03-30 18:00:00,-1.5456696,0.9580841,273.46143,279.36035,1.0,0.0,0.0,0.0,3.5999988e-12,26123.0
2025-03-30 19:00:00,-1.795578,0.53152466,273.43408,278.78162,1.0,0.0,0.0,0.0,3.5999988e-12,14535.0
2025-03-30 20:00:00,-1.8953247,0.3260193,273.62787,278.92456,1.0,0.0,0.0,0.0,3.5999988e-12,9581.0
2025-03-30 21:00:00,-1.8464203,-0.01461792,273.5091,278.69263,1.0,0.0,0.0,0.0,3.5999988e-12,9165.0
2025-03-30 22:00:00,-1.7135773,-0.12612915,274.07983,280.49365,0.98687744,0.0,0.0,0.0,3776.0,14267.0
2025-03-30 23:00:00,-1.9514313,-0.23587036,274.58325,281.85724,0.99697876,0.0,0.0,0.0,273088.0,891.0
2025-03-31 00:00:00,-2.8083801,0.23638916,272.43622,282.7177,0.8800354,0.0,0.0,0.0,937600.0,-127878.0
2025-03-31 01:00:00,-3.710312,0.6597748,273.00256,282.86008,0.9830322,0.0,0.0,0.0,1595584.0,-365644.0
2025-03-31 02:00:00,-3.547287,0.71810913,272.20618,284.6698,0.70092773,0.0031433105,0.0,0.0,2111232.0,-587004.0
2025-03-31 03:00:00,-4.053879,1.0476379,272.76648,284.9134,0.20321655,0.018341064,0.0,0.0,2493760.0,-773067.0
2025-03-31 04:00:00,-4.155594,0.6545563,273.09155,285.03516,0.8813782,0.0031433105,0.0,0.0,2846912.0,-925699.0
2025-03-31 05:00:00,-4.2280273,0.43218994,272.68127,285.35156,0.80895996,0.0030212402,0.0,0.0,2763712.0,-902652.0
2025-03-31 06:00:00,-3.9098663,0.13716125,272.6726,285.40918,0.97232056,0.009063721,0.0,0.0,2518080.0,-799927.0
2025-03-31 07:00:00,-4.214737,0.25468445,272.77966,285.1554,1.0,0.0,0.0,0.0,1847936.0,-542847.0
2025-03-31 08:00:00,-4.124893,0.46965027,273.12408,284.2155,0.9939575,0.0030212402,0.0,0.0,1314688.0,-358882.0
2025-03-31 09:00:00,-4.105942,0.69737244,273.4843,283.8333,1.0,0.0,0.0,0.0,708224.0,-134917.0
2025-03-31 10:00:00,-3.08284,0.57115173,274.46143,282.51065,0.99697876,0.015106201,0.0,0.0,176832.0,19165.0
2025-03-31 11:00:00,-2.4476624,0.16726685,275.06763,282.06888,0.9700012,0.0211792,0.0,0.0,2496.0,73602.0
2025-03-31 12:00:00,-2.436554,0.16725159,275.22052,282.0786,0.9831238,0.03930664,0.0,0.0,3.5999988e-12,56349.0
2025-03-31 13:00:00,-1.8227539,0.1161499,275.30884,282.21704,0.9939575,0.117370605,0.0,0.0,3.5999988e-12,53082.0
2025-03-31 14:00:00,-1.6644287,0.08465576,275.596,282.29773,1.0,0.12619019,0.0030212402,3.6239624e-05,3.5999988e-12,49244.0
2025-03-31 15:00:00,-1.745697,0.2730713,275.6596,282.36102,1.0,0.13302612,0.0,5.054474e-05,3.5999988e-12,42159.0
2025-03-31 16:00:00,-1.9198914,0.2806549,276.0187,282.00842,1.0,0.04232788,0.0,4.7683716e-07,3.5999988e-12,24775.0
2025-03-31 17:00:00,-1.4993286,-0.5241089,276.35953,281.27222,1.0,0.0725708,0.0030212402,0.0,3.5999988e-12,15843.0
2025-03-31 18:00:00,-1.6242371,-0.68666077,276.34836,281.47693,1.0,0.0,0.0,0.0,3.5999988e-12,20697.0
2025-03-31 19:00:00,-1.4696655,-1.1092987,276.4117,281.34985,1.0,0.0,0.0,0.0,3.5999988e-12,14307.0
2025-03-31 20:00:00,-1.4538116,-1.3522949,277.10406,280.75854,0.9937439,0.0,0.0,0.0,3.5999988e-12,14169.0
2025-03-31 21:00:00,-1.7386017,-1.1743622,276.9002,280.44934,1.0,0.0,0.0,0.0,3.5999988e-12,15556.0
2025-03-31 22:00:00,-1.4093018,-0.99432373,277.19672,281.6889,0.98605347,0.0,0.0,0.0,5184.0,12356.0
2025-03-31 23:00:00,-1.407547,-1.2011871,277.12067,282.98074,0.9299011,0.0,0.0,0.0,252544.0,-3780.0
2025-04-01 00:00:00,-1.9707184,-1.0965271,275.28864,283.73846,0.381073,0.0,0.0,0.0,934528.0,-140142.0
2025-04-01 01:00:00,-1.6115265,-1.2445526,275.544,284.04956,0.03024292,0.0,0.0,0.0,1675904.0,-378472.0
2025-04-01 02:00:00,-1.7211609,-1.4747162,274.9265,286.2931,0.0,0.0,0.0,0.0,2279872.0,-594911.0
2025-04-01 03:00:00,-2.2585297,-1.2676544,274.6178,286.82947,0.0,0.0,0.0,0.0,2668032.0,-753623.0
2025-04-01 04:00:00,-2.833313,-0.93969727,274.54034,286.8374,0.0,0.0,0.0,0.0,2925568.0,-850440.0
2025-04-01 05:00:00,-3.0043488,-1.0772247,273.42273,287.6725,0.0,0.0,0.0,0.0,2930432.0,-841470.0
2025-04-01 06:00:00,-3.3781128,-0.68052673,272.98865,287.39514,0.028137207,0.0,0.0,0.0,2691840.0,-757280.0
2025-04-01 07:00:00,-3.1735992,-0.3609619,272.62036,287.177,0.23312378,0.0,0.0,0.0,2272320.0,-573564.0
2025-04-01 08:00:00,-3.4381866,-0.36828613,272.04236,286.3894,0.0,0.0,0.0,0.0,1662656.0,-359251.0
2025-04-01 09:00:00,-3.3767548,-0.11009216,272.3678,285.896,0.0,0.0,0.0,0.0,960512.0,-123747.0
2025-04-01 10:00:00,-2.747055,0.512619,273.23254,283.48297,0.04837036,0.0,0.0,0.0,299648.0,50810.0
2025-04-01 11:00:00,-2.4026947,1.0114288,273.8004,282.93427,0.20858765,0.0,0.0,0.0,3328.0,78871.0
2025-04-01 12:00:00,-2.0439453,0.86932373,274.49445,282.79712,0.71640015,0.0,0.0,0.0,3.5999988e-12,68234.0
2025-04-01 13:00:00,-1.7484131,0.8014679,275.18958,282.0476,0.95944214,0.0,0.0,0.0,3.5999988e-12,53972.0
2025-04-01 14:00:00,-1.6768188,0.86450195,275.42737,281.05383,0.9584656,0.0,0.0,0.0,3.5999988e-12,42393.0
2025-04-01 15:00:00,-1.4804077,1.3466187,275.86786,281.0423,0.9909363,0.0,0.0,0.0,3.5999988e-12,38694.0
2025-04-01 16:00:00,-1.0422668,1.862915,275.739,280.55914,0.9937439,0.0,0.0,0.0,3.5999988e-12,28694.0
2025-04-01 17:00:00,-0.4753418,2.1765747,276.5481,280.12073,0.95654297,0.0,0.0,0.0,3.5999988e-12,20892.0
2025-04-01 18:00:00,-0.047454834,2.1478882,276.5345,280.1305,0.879303,0.0,0.0,0.0,3.5999988e-12,15080.0
2025-04-01 19:00:00,0.5114441,1.9723358,276.53497,279.9801,1.0,0.0,0.0,0.0,3.5999988e-12,28150.0
2025-04-01 20:00:00,1.0875244,1.6517029,276.80383,279.6294,0.9930115,0.0,0.0,0.0,3.5999988e-12,14001.0
2025-04-01 21:00:00,1.061676,1.786377,276.77594,279.50903,0.9721985,0.0,0.0,0.0,3.5999988e-12,12988.0
2025-04-01 22:00:00,1.0754852,1.8450928,278.40717,282.18933,0.67456055,0.0,0.0,0.0,7296.0,21557.0
2025-04-01 23:00:00,0.9647217,1.870697,278.98785,282.79706,0.729187,0.0,0.0,0.0,315008.0,-11952.0
2025-04-02 00:00:00,0.63134766,1.9108124,278.28143,283.47565,0.24584961,0.0,0.0,0.0,981440.0,-157346.0
2025-04-02 01:00:00,0.5002289,2.4990082,276.67407,284.2184,0.0,0.0,0.0,0.0,1704512.0,-337418.0
2025-04-02 02:00:00,0.7707367,2.697647,277.4015,288.73853,0.0,0.0,0.0,0.0,2313408.0,-491192.0
2025-04-02 03:00:00,1.422821,2.4934845,277.45392,290.1543,0.0,0.0,0.0,0.0,2735360.0,-600806.0
2025-04-02 04:00:00,1.983902,2.3332367,277.703,291.08008,0.0,0.0,0.0,0.0,2946048.0,-637890.0
2025-04-02 05:00:00,2.441864,2.3124237,278.46545,293.1548,0.0,0.0,0.0,0.0,2927680.0,-612063.0
2025-04-02 06:00:00,2.3810577,1.499054,278.65112,293.67944,0.0030212402,0.0,0.0069885254,0.0,2680768.0,-519696.0
2025-04-02 07:00:00,2.457077,0.5884552,279.37085,294.3164,0.02722168,0.0,0.045135498,0.0,2222720.0,-340732.0
2025-04-02 08:00:00,1.9465942,-0.032913208,279.04297,293.34497,0.03930664,0.0038452148,0.2012024,0.0,1562624.0,-142545.0
2025-04-02 09:00:00,-0.10671997,-1.8832855,279.7763,292.48926,0.12460327,0.032165527,0.348938,0.0,718144.0,50420.0
2025-04-02 10:00:00,-1.6466064,-4.7710266,280.81665,287.23096,0.5075989,0.0076904297,0.15423584,0.0,240960.0,100409.0
2025-04-02 11:00:00,-2.447052,-5.225189,280.25085,286.41418,0.8951111,0.019989014,0.0115356445,0.0,3328.0,82104.0
2025-04-02 12:00:00,-2.6248932,-4.6585083,280.0487,285.57104,0.9324646,0.0,0.0,0.0,3.5999988e-12,101341.0
2025-04-02 13:00:00,-2.4310913,-3.7967072,280.0473,285.3327,0.96591187,0.0,0.0,0.0,3.5999988e-12,89415.0
2025-04-02 14:00:00,-1.8332672,-3.2290344,279.92883,284.07312,0.9923096,0.0,0.0,0.0,3.5999988e-12,91809.0
2025-04-02 15:00:00,-1.6493835,-3.337326,280.25635,284.13812,0.9874878,0.0,0.0,0.0,3.5999988e-12,91728.0
2025-04-02 16:00:00,-1.5226135,-3.207489,280.42502,283.99792,0.9848938,0.0,0.0,0.0,3.5999988e-12,88313.0
2025-04-02 17:00:00,-1.3252716,-3.0052948,280.34027,283.33472,0.9908142,0.0,0.0,0.0,3.5999988e-12,80364.0
2025-04-02 18:00:00,-1.3598022,-2.78685,280.13885,283.5918,0.92614746,0.0,0.0,0.0,3.5999988e-12,69418.0
2025-04-02 19:00:00,-1.4642792,-2.6611786,279.81946,283.33026,0.9109497,0.0,0.0,0.0,3.5999988e-12,56047.0
2025-04-02 20:00:00,-1.2858734,-2.401474,279.8321,282.40454,0.98779297,0.0,0.0,0.0,3.5999988e-12,53108.0
2025-04-02 21:00:00,-1.2099762,-1.9548645,279.5415,282.31592,0.93218994,0.0,0.0030212402,0.0,3.5999988e-12,37136.0
2025-04-02 22:00:00,-0.9754944,-1.4231415,279.66284,283.5772,0.964386,0.0,0.22195435,0.0,6976.0,28244.0
2025-04-02 23:00:00,-0.81559753,-0.91944885,279.62848,284.2344,0.93655396,0.0,0.5716858,0.0,226944.0,-4341.0
2025-04-03 00:00:00,-1.4194489,-0.27864075,277.7005,285.0208,0.9154968,0.0,0.76171875,0.0,860864.0,-149680.0
2025-04-03 01:00:00,-1.818573,-0.013641357,275.32593,285.38434,0.9393616,0.0,0.8049011,0.0,1412800.0,-306763.0
2025-04-03 02:00:00,-1.7305756,0.007965088,274.4889,288.2345,0.9786377,0.0,0.9157715,0.0,1949440.0,-476267.0
2025-04-03 03:00:00,-1.3917999,-0.16958618,274.19202,288.47473,0.8388977,0.0,0.8497009,0.0,2405632.0,-605957.0
2025-04-03 04:00:00,-1.2196655,-0.22938538,274.1532,288.74792,0.17330933,0.0,0.4774475,0.0,2883712.0,-735444.0
2025-04-03 05:00:00,-1.4110718,-0.38461304,274.0244,289.81335,0.0,0.0,0.0062561035,0.0,2954560.0,-737267.0
2025-04-03 06:00:00,-1.7625885,-0.353714,274.40247,289.6848,0.0,0.0,0.0,0.0,2718400.0,-660069.0
2025-04-03 07:00:00,-2.2239838,-0.20814514,274.84192,289.53516,0.0,0.0,0.0,0.0,2271936.0,-492417.0
2025-04-03 08:00:00,-3.0256805,0.22589111,275.49805,288.6046,0.0,0.0,0.0,0.0,1661120.0,-319467.0
2025-04-03 09:00:00,-3.5713959,0.95254517,275.92456,287.78198,0.0,0.0,0.0,0.0,960320.0,-117418.0
2025-04-03 10:00:00,-3.0291595,1.2322235,275.92566,284.99304,0.0,0.0,0.0,0.0,302592.0,50369.0
2025-04-03 11:00:00,-3.0398712,1.8164062,276.76233,284.6916,0.0,0.0,0.0,0.0,4288.0,101741.0
2025-04-03 12:00:00,-2.451416,2.2905426,276.78027,284.32718,0.0,0.0,0.0,0.0,3.5999988e-12,95472.0
2025-04-03 13:00:00,-2.1203918,2.6020966,277.16742,284.3279,0.0,0.0,0.0,0.0,3.5999988e-12,98790.0
2025-04-03 14:00:00,-1.9575043,2.6243896,277.20734,283.25372,0.0,0.0,0.0,0.0,3.5999988e-12,100189.0
2025-04-03 15:00:00,-1.9868469,2.7539062,277.60333,283.45282,0.058380127,0.0,0.0,0.0,3.5999988e-12,103018.0
2025-04-03 16:00:00,-1.6707153,3.0869446,277.6413,283.51276,0.7140503,0.0,0.0,0.0,3.5999988e-12,107753.0
2025-04-03 17:00:00,-1.5696716,3.2917786,278.25275,282.6114,0.45211792,0.0,0.0,0.0,3.5999988e-12,110846.0
2025-04-03 18:00:00,-1.6331482,3.3380585,278.64423,282.92877,0.075683594,0.0,0.0,0.0,3.5999988e-12,109379.0
2025-04-03 19:00:00,-1.4911194,2.9609528,278.61273,282.71173,0.41934204,0.0,0.0,0.0,3.5999988e-12,103036.0
2025-04-03 20:00:00,-1.5781555,3.063324,279.3051,282.25073,0.58236694,0.0,0.0,0.0,3.5999988e-12,99532.0
2025-04-03 21:00:00,-1.4987946,3.2826385,279.2213,281.9065,0.6052246,0.0,0.0,0.0,3.5999988e-12,107068.0
2025-04-03 22:00:00,-1.2756195,2.7476196,280.15607,284.15997,0.42843628,0.0,0.0,0.0,11136.0,108108.0
2025-04-03 23:00:00,-2.106964,3.134079,280.33725,285.03345,0.88290405,0.0,0.0,0.0,345664.0,13974.0
2025-04-04 00:00:00,-2.443985,3.8055267,279.81177,285.70627,0.8843384,0.0,0.0,0.0,1015104.0,-189449.0
2025-04-04 01:00:00,-2.6363373,4.073639,279.41333,285.9959,0.9581299,0.0,0.0,0.0,1639744.0,-393511.0
2025-04-04 02:00:00,-2.8879242,4.550659,278.65576,289.38123,0.9326477,0.0,0.0,0.0,2237440.0,-602638.0
2025-04-04 03:00:00,-3.203003,4.724762,278.1892,289.20117,0.98605347,0.0,0.0,0.0,2485504.0,-700834.0
2025-04-04 04:00:00,-3.2409515,4.4402466,278.73047,289.20178,1.0,0.0,0.0,0.0,2595520.0,-738187.0
2025-04-04 05:00:00,-3.207306,4.7039185,279.5459,290.1194,1.0,0.0,0.0030212402,0.0,2566848.0,-756616.0
2025-04-04 06:00:00,-3.2934723,4.8424683,280.11865,289.2583,1.0,0.0,0.0,0.0,1870016.0,-524681.0
2025-04-04 07:00:00,-3.5851593,4.617813,280.7522,288.635,1.0,0.0,0.565094,0.0,1323200.0,-326555.0
2025-04-04 08:00:00,-3.391922,4.6484985,280.79987,287.48242,1.0,0.0,0.7835388,0.0,818112.0,-176388.0
2025-04-04 09:00:00,-3.3867188,4.6663513,280.69623,287.48108,1.0,0.0,0.98791504,0.0,405376.0,-51950.0
2025-04-04 10:00:00,-3.2720337,4.547043,280.8401,286.2873,1.0,0.0,0.9501648,0.0,173888.0,25588.0
2025-04-04 11:00:00,-3.1867065,4.685684,280.74847,286.32562,0.9968567,0.0,0.9292908,0.0,2880.0,82823.0
2025-04-04 12:00:00,-2.7846222,5.1572876,280.8576,286.74738,1.0,0.0,0.95965576,0.0,3.5999988e-12,88132.0
2025-04-04 13:00:00,-1.9985962,5.635681,280.71643,286.75812,1.0,0.0,0.83218384,0.0,3.5999988e-12,95792.0
2025-04-04 14:00:00,-1.5020294,5.620758,281.43713,286.45868,1.0,0.0,0.9691467,0.0,3.5999988e-12,112067.0
2025-04-04 15:00:00,-1.2976379,5.152298,281.9267,287.08575,1.0,0.0,0.9402771,0.0,3.5999988e-12,104633.0
2025-04-04 16:00:00,-1.0010071,5.1366425,282.05292,286.98663,1.0,0.0,0.98373413,0.0,3.5999988e-12,111310.0
2025-04-04 17:00:00,-0.35255432,5.1385956,282.765,286.7469,1.0,0.0,0.9848938,0.0,3.5999988e-12,118998.0
2025-04-04 18:00:00,0.71102905,4.1471863,282.69366,286.8614,1.0,0.0,0.96673584,0.0,3.5999988e-12,116505.0
2025-04-04 19:00:00,1.3600616,2.6473694,282.6163,286.99225,1.0,0.0,0.96621704,0.0,3.5999988e-12,74525.0
2025-04-04 20:00:00,1.5594177,1.6285248,282.92856,286.8083,1.0,0.0,0.9830322,0.0,3.5999988e-12,59863.0
2025-04-04 21:00:00,1.400589,1.3821869,282.8559,286.59735,1.0,0.0,0.9901123,0.0,3.5999988e-12,47964.0
2025-04-04 22:00:00,1.5080414,0.7199402,283.84924,287.25092,0.9877014,0.0,1.0,5.722046e-06,4160.0,38096.0
2025-04-04 23:00:00,1.1809082,1.09552,284.02203,287.39343,0.9668579,0.0,0.9780884,4.005432e-05,82112.0,27801.0
2025-04-05 00:00:00,0.20169067,0.9986725,284.25925,287.15894,0.9341736,0.0,0.69277954,1.859665e-05,152064.0,15995.0
2025-04-05 01:00:00,0.9004059,-0.39427185,284.5626,287.9657,0.88098145,0.065826416,0.36279297,0.0,526272.0,-43614.0
2025-04-05 02:00:00,1.0683746,-0.6144867,284.42133,292.30225,0.74279785,0.050628662,0.13626099,0.0,1510720.0,-278107.0
2025-04-05 03:00:00,1.8156128,-0.7181244,284.48767,294.34204,0.6951294,0.013122559,0.075531006,3.9100647e-05,2318144.0,-482561.0
2025-04-05 04:00:00,2.2921906,-1.3677979,283.6046,294.17114,0.5525818,0.043548584,0.38598633,5.2452087e-05,2181184.0,-390847.0
2025-04-05 05:00:00,1.9838104,-2.2098541,282.29175,295.28003,0.30233765,0.022369385,0.6128235,3.385544e-05,1943296.0,-294005.0
2025-04-05 06:00:00,1.0949249,-2.5039978,281.86243,296.4402,0.403656,0.07470703,0.46487427,4.7683716e-07,2004544.0,-256991.0
2025-04-05 07:00:00,-0.50476074,-2.0845947,281.76685,296.32812,0.175354,0.026672363,0.32525635,0.00021600723,1895616.0,-277048.0
2025-04-05 08:00:00,-2.185791,-1.0705414,282.36523,294.44995,0.4958496,0.0060424805,0.1109314,2.3841858e-06,1161984.0,-97926.0
2025-04-05 09:00:00,-2.8686218,-0.09336853,284.365,292.948,0.7776489,0.0,0.084625244,0.0,672896.0,-23897.0
2025-04-05 10:00:00,-3.0391846,-0.14668274,284.3103,289.4795,0.36087036,0.0,0.0,0.0,256448.0,45401.0
2025-04-05 11:00:00,-2.8837128,0.36650085,284.70264,289.01685,0.541626,0.0,0.0,0.0,4672.0,95582.0
2025-04-05 12:00:00,-2.7344818,-0.17642212,284.4004,288.43225,0.66937256,0.0,0.0,0.0,3.5999988e-12,88763.0
2025-04-05 13:00:00,-2.8253937,-0.9380188,284.37195,287.9532,0.535553,0.0,0.0,0.0,3.5999988e-12,74636.0
2025-04-05 14:00:00,-3.107483,-1.073288,284.172,286.69257,0.55944824,0.0,0.0,0.0,3.5999988e-12,75605.0
2025-04-05 15:00:00,-2.960907,-0.9507599,284.20483,286.81793,0.58807373,0.0,0.0,0.0,3.5999988e-12,77516.0
2025-04-05 16:00:00,-2.4989471,-0.6660919,283.85498,286.9934,0.5870056,0.0,0.0,0.0,3.5999988e-12,87314.0
2025-04-05 17:00:00,-2.1144257,-0.38336182,283.4203,285.72504,0.691864,0.0,0.0,0.0,3.5999988e-12,92698.0
2025-04-05 18:00:00,-1.8840637,-0.078689575,283.0221,285.6989,0.81988525,0.0,0.0,0.0,3.5999988e-12,91449.0
2025-04-05 19:00:00,-1.8309021,0.25576782,282.60266,285.64722,0.8309326,0.0,0.0,0.0,3.5999988e-12,38879.0
2025-04-05 20:00:00,-1.9671631,0.29989624,282.21252,285.0014,0.0211792,0.0,0.0,0.0,3.5999988e-12,43928.0
2025-04-05 21:00:00,-2.008667,0.33651733,281.96924,285.02637,0.0,0.0,0.0,0.0,3.5999988e-12,50092.0
2025-04-05 22:00:00,-1.7037354,0.4399414,283.92023,286.992,0.03414917,0.0,0.0,0.0,14272.0,51383.0
2025-04-05 23:00:00,-2.0396576,1.0071564,283.83954,287.22357,0.11465454,0.0,0.0,0.0,359808.0,-8642.0
2025-04-06 00:00:00,-1.6630859,1.5248718,283.62323,287.70642,0.0,0.0,0.0,0.0,1008384.0,-175577.0
2025-04-06 01:00:00,-1.1954651,2.0858154,283.8088,288.3402,0.0,0.0,0.0,0.0,1689536.0,-375753.0
2025-04-06 02:00:00,-0.37026978,2.0116425,284.259,291.27197,0.0,0.0,0.0,0.0,2273088.0,-547547.0
2025-04-06 03:00:00,-0.01751709,1.3998718,284.78125,292.60254,0.0,0.0,0.0,0.0,2690496.0,-655450.0
2025-04-06 04:00:00,0.17085266,0.66648865,284.4804,293.0515,0.0,0.03189087,0.0,0.0,2900672.0,-686854.0
2025-04-06 05:00:00,0.046813965,-0.0036773682,283.99304,294.6211,0.0,0.012512207,0.0,0.0,2877248.0,-655319.0
2025-04-06 06:00:00,-0.5857239,-0.47758484,284.09082,294.69385,0.0,0.019226074,0.0,0.0,2628416.0,-580172.0
2025-04-06 07:00:00,-1.8873444,-0.39546204,283.8396,294.16577,0.0,0.006866455,0.0,0.0,2181184.0,-420329.0
2025-04-06 08:00:00,-3.049881,0.28390503,284.10278,293.02588,0.0,0.0,0.0,0.0,1609088.0,-293069.0
2025-04-06 09:00:00,-3.8487244,1.043396,284.8296,292.06274,0.0,0.0,0.0,0.0,939136.0,-132289.0
2025-04-06 10:00:00,-3.6327667,1.2892914,285.32715,289.2141,0.0,0.0,0.0,0.0,304192.0,17958.0
2025-04-06 11:00:00,-3.4855042,1.968811,285.41376,288.6194,0.0,0.006866455,0.0,0.0,5888.0,85688.0
2025-04-06 12:00:00,-3.20401,2.4094696,284.92874,288.12402,0.0,0.033843994,0.0,0.0,3.5999988e-12,84446.0
2025-04-06 13:00:00,-3.0937653,2.8108826,284.55185,288.13562,0.0,0.010009766,0.0,0.0,3.5999988e-12,91048.0
2025-04-06 14:00:00,-2.7339325,3.3370056,284.32968,286.90216,0.0,0.01687622,0.0,0.0,3.5999988e-12,100665.0
2025-04-06 15:00:00,-2.2272186,3.7943115,284.45663,287.15906,0.29135132,0.040924072,0.0,0.0,3.5999988e-12,104099.0
2025-04-06 16:00:00,-1.7648773,4.1046753,284.19662,287.09308,0.65527344,0.026855469,0.0,0.0,3.5999988e-12,110082.0
2025-04-06 17:00:00,-1.301712,4.355728,284.20465,286.15576,0.45724487,0.0038452148,0.0,0.0,3.5999988e-12,113908.0
2025-04-06 18:00:00,-0.8732605,4.311981,283.99298,285.99625,0.84872437,0.026855469,0.0,0.0,3.5999988e-12,118835.0
2025-04-06 19:00:00,-0.66352844,4.0562286,283.9699,285.94586,0.57128906,0.023834229,0.0,0.0,3.5999988e-12,120657.0
2025-04-06 20:00:00,-0.6157532,3.5808716,283.77277,285.40253,0.14099121,0.0,0.0,0.0,3.5999988e-12,118740.0
2025-04-06 21:00:00,-0.8140106,3.5719452,283.7489,285.50043,0.02230835,0.0,0.0,0.0,3.5999988e-12,117950.0
2025-04-06 22:00:00,-0.9377594,3.324051,284.14432,287.36383,0.043060303,0.0,0.0,0.0,17216.0,123091.0
2025-04-06 23:00:00,-1.3357697,4.1128387,284.60767,288.16547,0.0076904297,0.0,0.0,0.0,393408.0,32398.0
2025-04-07 00:00:00,-0.8103485,4.4556274,284.31293,288.86993,0.043182373,0.0,0.0,0.0,1060864.0,-144081.0
2025-04-07 01:00:00,-0.39208984,4.8647003,284.1139,289.6007,0.0,0.0,0.0,0.0,1755520.0,-342158.0
2025-04-07 02:00:00,-0.17832947,5.15329,283.7046,293.5625,0.0031433105,0.0,0.0,0.0,2321856.0,-502456.0
2025-04-07 03:00:00,0.050460815,5.309555,283.45654,294.62036,0.32162476,0.0,0.0031433105,0.0,2740800.0,-603050.0
2025-04-07 04:00:00,0.31758118,5.2733,283.11896,295.49585,0.9175415,0.0,0.052520752,0.0,2969024.0,-628145.0
2025-04-07 05:00:00,0.12963867,5.016983,282.4674,297.36792,0.91882324,0.0,0.34802246,0.0,2951680.0,-579393.0
2025-04-07 06:00:00,-0.5617676,4.6787415,282.49377,297.28735,0.9809265,0.0,0.8120117,0.0,2624768.0,-461999.0
2025-04-07 07:00:00,-1.6092377,4.2660522,282.95996,296.78735,0.92541504,0.0,0.8479614,0.0,1941760.0,-233977.0
2025-04-07 08:00:00,-2.455902,3.9887085,283.43713,295.22144,0.9518738,0.0,0.7826233,0.0,1343616.0,-97659.0
2025-04-07 09:00:00,-2.5132294,4.414322,282.79114,294.00977,0.97595215,0.0,0.7796631,0.0,708096.0,23808.0
2025-04-07 10:00:00,-2.3126373,4.1174774,281.41467,291.97693,0.9901123,0.0,0.8652344,0.0,191744.0,134765.0
2025-04-07 11:00:00,-2.4539185,4.900299,280.87756,291.9126,0.9939575,0.0,0.9500122,0.0,4096.0,163884.0
2025-04-07 12:00:00,-2.2447662,5.450592,281.07666,291.7754,0.98791504,0.0,0.76000977,1.7166138e-05,3.5999988e-12,164038.0
2025-04-07 13:00:00,-1.8278809,5.531021,281.41406,291.57666,0.9324951,0.0,0.7480774,0.0,3.5999988e-12,173304.0
2025-04-07 14:00:00,-1.3138733,5.8864594,282.09497,290.65137,0.8475952,0.0,0.4890747,0.0,3.5999988e-12,149188.0
2025-04-07 15:00:00,-1.0128021,5.859558,282.24268,290.91565,0.592041,0.0,0.34170532,0.0,3.5999988e-12,139915.0
2025-04-07 16:00:00,-0.69078064,5.5887604,282.68378,290.63135,0.16177368,0.0,0.65197754,0.0,3.5999988e-12,142527.0
2025-04-07 17:00:00,-0.36521912,4.994446,282.97662,289.2398,0.0030212402,0.0,0.695282,0.0,3.5999988e-12,181275.0
2025-04-07 18:00:00,-0.27954102,4.3125916,282.55725,288.62756,0.0,0.0,0.5716553,0.0,3.5999988e-12,169142.0
2025-04-07 19:00:00,-0.04425049,3.5711823,282.49927,288.4572,0.0,0.0,0.0,0.0,3.5999988e-12,128381.0
2025-04-07 20:00:00,0.10435486,3.1099854,282.47998,286.8484,0.0,0.0,0.0,0.0,3.5999988e-12,113343.0
2025-04-07 21:00:00,0.154068,2.8484955,282.57202,286.94067,0.0,0.0,0.0,0.0,3.5999988e-12,100782.0
2025-04-07 22:00:00,0.4356537,2.311386,283.53113,289.81042,0.0,0.0,0.0,0.0,18240.0,87148.0
2025-04-07 23:00:00,1.1355591,2.442398,283.9317,290.6494,0.0,0.0,0.0,0.0,378560.0,11843.0
2025-04-08 00:00:00,1.4376678,1.6722717,283.51233,291.9292,0.043273926,0.0,0.0,0.0,1024192.0,-120909.0
2025-04-08 01:00:00,1.6224976,1.1843872,283.1986,293.10193,0.07696533,0.0,0.0,0.0,1690304.0,-258394.0
2025-04-08 02:00:00,1.9024963,0.59394836,283.8628,297.03052,0.046966553,0.0,0.0,0.0,2255040.0,-373148.0
2025-04-08 03:00:00,1.4831696,0.049453735,285.10242,298.13232,0.11102295,0.0,0.0,0.0,2660480.0,-447014.0
2025-04-08 04:00:00,0.7401886,-0.19577026,285.77234,298.5271,0.16494751,0.0,0.097473145,0.0,2862400.0,-470155.0
2025-04-08 05:00:00,0.06451416,-0.29992676,285.91217,299.6577,0.14187622,0.0,0.11993408,0.0,2600512.0,-390047.0
2025-04-08 06:00:00,-0.69477844,-0.30827332,285.54773,299.7444,0.2748413,0.0,0.23809814,0.0,2431744.0,-354205.0
2025-04-08 07:00:00,-1.783081,-0.33770752,285.44415,299.85376,0.33929443,0.0,0.24832153,0.0,2021696.0,-218865.0
2025-04-08 08:00:00,-2.6798553,-0.044326782,285.99225,297.5376,0.577301,0.0,0.1578064,0.0,1461568.0,-116805.0
2025-04-08 09:00:00,-3.021698,0.29345703,286.55212,296.55176,0.9274597,0.0,0.08810425,0.0,884992.0,-14539.0
2025-04-08 10:00:00,-2.9853668,0.81988525,286.16815,293.4336,0.7727051,0.0,0.023834229,0.0,265472.0,75527.0
2025-04-08 11:00:00,-2.7521057,1.0912323,285.37317,292.23438,0.5715332,0.0,0.010009766,0.0,6912.0,90048.0
2025-04-08 12:00:00,-2.6326904,1.4411774,284.52545,291.50623,0.073913574,0.0,0.019989014,0.0,3.5999988e-12,95180.0
2025-04-08 13:00:00,-2.6124115,1.4232483,284.2215,291.60864,0.012084961,0.0,0.0,0.0,3.5999988e-12,100098.0
2025-04-08 14:00:00,-2.3536682,1.1489105,284.3954,290.45593,0.0,0.0,0.010009766,0.0,3.5999988e-12,107645.0
2025-04-08 15:00:00,-2.020172,1.1623535,284.81854,290.07263,0.0,0.0,0.0030212402,0.0,3.5999988e-12,104802.0
2025-04-08 16:00:00,-1.7967224,1.6155548,285.41693,290.193,0.0,0.0,0.0,0.0,3.5999988e-12,101203.0
2025-04-08 17:00:00,-1.6345215,1.8615723,285.8532,289.11816,0.0,0.0,0.0030212402,0.0,3.5999988e-12,105508.0
2025-04-08 18:00:00,-1.3053741,2.0961914,286.3026,289.5177,0.0,0.0,0.0030212402,0.0,3.5999988e-12,107166.0
2025-04-08 19:00:00,-0.9083252,2.0576782,286.6327,289.58087,0.0,0.0,0.0030212402,0.0,3.5999988e-12,66032.0
2025-04-08 20:00:00,-0.7159271,2.5154724,286.87524,289.16705,0.0,0.0,0.0,0.0,3.5999988e-12,70943.0
2025-04-08 21:00:00,-0.23266602,2.790329,286.73706,289.029,0.04248047,0.0,0.0,0.0,3.5999988e-12,83147.0
2025-04-08 22:00:00,0.16378784,2.615036,287.63757,290.8329,0.0076904297,0.0,0.0,0.0,20224.0,84502.0
2025-04-08 23:00:00,0.51560974,2.8524323,287.77054,291.56848,0.0,0.0,0.0,0.0,380416.0,10617.0
2025-04-09 00:00:00,1.3152618,2.5095978,287.97232,292.50098,0.01083374,0.0,0.0,0.0,1019136.0,-128805.0
2025-04-09 01:00:00,2.0003815,2.580429,288.02008,293.3529,0.0,0.0,0.0060424805,0.0,1664576.0,-261400.0
2025-04-09 02:00:00,3.1069946,2.157074,288.04346,297.10303,0.0069885254,0.0,0.0,0.0,2231808.0,-372644.0
2025-04-09 03:00:00,4.1587067,1.0348053,288.67963,299.45215,0.2140503,0.0,0.0030212402,1.4305115e-06,2598208.0,-433067.0
2025-04-09 04:00:00,4.576996,-0.24578857,288.78784,299.9646,0.059326172,0.0,0.118927,1.7166138e-05,2780480.0,-450890.0
2025-04-09 05:00:00,4.4899597,-1.1003876,288.46747,299.2849,0.1053772,0.0,0.29647827,3.6239624e-05,2622208.0,-381867.0
2025-04-09 06:00:00,3.3879852,-1.5650177,288.26453,299.1819,0.9939575,0.0,0.42819214,2.2411346e-05,2436992.0,-337154.0
2025-04-09 07:00:00,2.2690125,-1.204773,288.01123,298.55933,0.9923096,0.0,0.08331299,0.0,1398144.0,-68500.0
2025-04-09 08:00:00,0.6061096,-0.77679443,288.90442,299.22485,0.8083191,0.0,0.01071167,0.0,628928.0,41280.0
2025-04-09 09:00:00,-0.7189331,-0.123931885,290.45312,297.3689,0.046813965,0.0,0.020935059,0.0,787456.0,6530.0
2025-04-09 10:00:00,-2.074997,-0.45664978,290.00684,294.69165,0.19473267,0.0,0.01071167,0.0,309184.0,33508.0
2025-04-09 11:00:00,-2.667038,-0.3746643,289.8739,292.63037,0.13897705,0.0,0.026947021,0.0,7744.0,46101.0
2025-04-09 12:00:00,-2.531784,0.058410645,290.08923,292.3545,0.16668701,0.0,0.112335205,0.0,3.5999988e-12,59252.0
2025-04-09 13:00:00,-2.0924225,0.8418884,289.79456,292.00806,0.95288086,0.0,0.4963684,0.0,3.5999988e-12,55065.0
2025-04-09 14:00:00,-1.2729492,1.2843628,289.58643,291.61353,1.0,0.0,0.90597534,0.0,3.5999988e-12,39768.0
2025-04-09 15:00:00,-0.45558167,1.9395599,289.25232,291.6294,0.9909363,0.0,0.9425659,0.0,3.5999988e-12,36436.0
2025-04-09 16:00:00,0.81611633,2.5137634,289.0984,291.90393,1.0,0.0,0.9758301,0.0,3.5999988e-12,47839.0
2025-04-09 17:00:00,2.0844727,2.0242157,288.37012,291.1488,0.9877014,0.0,1.0,0.0,3.5999988e-12,64195.0
2025-04-09 18:00:00,2.6569672,0.24201965,288.3136,291.29443,0.80029297,0.0,0.6600647,0.0,3.5999988e-12,71374.0
2025-04-09 19:00:00,0.947525,-2.3439178,288.08716,291.13586,0.42547607,0.0,0.08163452,0.0,3.5999988e-12,101336.0
2025-04-09 20:00:00,-0.99224854,-3.3417053,287.81952,290.32385,0.32208252,0.0,0.0,0.0,3.5999988e-12,97031.0
2025-04-09 21:00:00,-1.4342194,-1.8570251,287.61664,289.65063,0.47357178,0.019989014,0.0,0.0,3.5999988e-12,79678.0
2025-04-09 22:00:00,-1.5808105,0.6899414,287.88928,290.42114,0.32754517,0.019226074,0.0,0.0,22528.0,32959.0
2025-04-09 23:00:00,-0.6803131,1.4207764,288.11707,290.5227,0.65927124,0.015411377,0.0076904297,0.0,377088.0,-32517.0
2025-04-10 00:00:00,-0.39349365,0.2999878,288.72046,291.1045,0.5906067,0.0,0.11456299,0.0,1013696.0,-175019.0
2025-04-10 01:00:00,-1.0494385,-0.8535614,288.44702,291.7168,0.07229614,0.0,0.036010742,0.0,1654208.0,-356904.0
2025-04-10 02:00:00,-1.5447693,-1.2658386,288.80994,293.65356,0.2885437,0.0076904297,0.01675415,0.0,2212864.0,-596204.0
2025-04-10 03:00:00,-2.4278412,-1.9970398,288.3905,293.60938,0.18338013,0.0076904297,0.009063721,0.0,2616960.0,-810720.0
2025-04-10 04:00:00,-3.4986267,-2.4495544,287.82727,293.3872,0.42877197,0.032989502,0.0,0.0,2820288.0,-931655.0
2025-04-10 05:00:00,-3.906784,-2.1502228,286.55505,293.48853,0.8413391,0.01071167,0.009063721,0.0,2808000.0,-937467.0
2025-04-10 06:00:00,-4.063751,-1.8618011,286.136,293.39575,0.9076843,0.0060424805,0.024169922,0.0,2445632.0,-810983.0
2025-04-10 07:00:00,-4.405731,-1.7008209,285.73645,293.37915,0.99697876,0.012512207,0.03729248,0.0,1840896.0,-578051.0
2025-04-10 08:00:00,-4.077301,-1.4889069,285.05298,292.14697,1.0,0.0030212402,0.012207031,0.0,1248192.0,-395461.0
2025-04-10 09:00:00,-3.9511414,-1.1573639,284.74084,291.49927,0.63150024,0.0030212402,0.033843994,0.0,574912.0,-169582.0
2025-04-10 10:00:00,-3.7841034,0.10090637,284.71436,288.83923,0.13824463,0.0,0.0,0.0,218176.0,-37429.0
2025-04-10 11:00:00,-3.8825836,1.0149689,285.18726,288.51587,0.32232666,0.0038452148,0.044036865,0.0,8064.0,31948.0
2025-04-10 12:00:00,-3.2001343,1.8243256,285.14185,288.58545,0.16351318,0.05126953,0.10092163,0.0,3.5999988e-12,29605.0
2025-04-10 13:00:00,-2.8979645,1.6876678,285.0719,288.62872,0.0,0.07034302,0.06542969,0.0,3.5999988e-12,34403.0
2025-04-10 14:00:00,-2.966858,1.0272369,284.9099,287.66937,0.0,0.06951904,0.061431885,0.0,3.5999988e-12,31524.0
2025-04-10 15:00:00,-3.0199432,1.0902252,284.85028,287.93835,0.0,0.12390137,0.01373291,0.0,3.5999988e-12,30865.0
2025-04-10 16:00:00,-3.172058,2.0660248,284.76556,287.85962,0.0,0.20205688,0.026977539,0.0,3.5999988e-12,40771.0
2025-04-10 17:00:00,-2.7658386,2.7518463,285.15167,287.32233,0.0,0.3475952,0.022399902,0.0,3.5999988e-12,50096.0
2025-04-10 18:00:00,-2.1906586,2.9886322,285.15997,287.24692,0.0,0.5203247,0.027923584,0.0,3.5999988e-12,49086.0
2025-04-10 19:00:00,-1.7610626,2.9353333,285.22253,287.2628,0.0,0.7484131,0.013946533,0.0,3.5999988e-12,8951.0
2025-04-10 20:00:00,-1.6774597,2.512848,285.53876,287.04422,0.0,0.71517944,0.019989014,1.9073486e-06,3.5999988e-12,11514.0
2025-04-10 21:00:00,-1.9505463,1.7905121,285.6897,287.03452,0.0473938,0.60943604,0.0038452148,0.0,3.5999988e-12,9120.0
2025-04-10 22:00:00,-1.3166809,2.0459442,287.1725,289.25244,0.43011475,0.7816162,0.020935059,0.0,19712.0,7987.0
2025-04-10 23:00:00,-1.8366547,1.9856415,287.45325,289.3189,0.0423584,0.4394226,0.01373291,0.0,311936.0,-82667.0
2025-04-11 00:00:00,-2.1412964,1.9919281,287.50958,289.4436,0.0899353,0.27017212,0.0,1.4305115e-06,906048.0,-240032.0
2025-04-11 01:00:00,-1.9168549,1.671524,288.38086,290.68274,0.89901733,0.043426514,0.0,0.0,1482368.0,-423877.0
2025-04-11 02:00:00,-1.7960663,1.7294006,289.13757,293.33276,0.9930115,0.009063721,0.0,0.0,2214912.0,-631567.0
2025-04-11 03:00:00,-2.3073425,1.995758,289.38025,294.125,0.96487427,0.03793335,0.0,0.0,2566912.0,-723802.0
2025-04-11 04:00:00,-2.4616241,2.4093323,289.6499,294.89893,0.9786377,0.052215576,0.0,0.0,2693952.0,-754711.0
2025-04-11 05:00:00,-2.769577,2.5755005,289.94617,296.17407,0.9908142,0.02279663,0.0,0.0,2617088.0,-706810.0
2025-04-11 06:00:00,-3.2211761,2.4920654,289.82385,296.0813,1.0,0.0,0.0,0.0,2311744.0,-593642.0
2025-04-11 07:00:00,-3.594925,2.5760193,289.7622,295.53784,1.0,0.0,0.0,0.0,1526464.0,-358634.0
2025-04-11 08:00:00,-3.7462158,2.6603088,289.38318,293.74292,1.0,0.0,0.0,0.0,811264.0,-154236.0
2025-04-11 09:00:00,-3.616867,3.1588135,289.08643,293.7578,1.0,0.0,0.0030212402,0.0,389760.0,-33998.0
2025-04-11 10:00:00,-2.9646912,2.4657745,288.5802,292.57397,1.0,0.0,0.010009766,0.0,169984.0,39222.0
2025-04-11 11:00:00,-3.2234955,3.5881805,288.1626,292.56042,1.0,0.0038452148,0.04626465,0.0,4672.0,104382.0
2025-04-11 12:00:00,-3.316803,4.5629883,288.13806,292.64062,1.0,0.0,0.120147705,0.0,3.5999988e-12,122199.0
2025-04-11 13:00:00,-3.2421112,5.5130615,288.36334,292.5404,1.0,0.0,0.37005615,0.0,3.5999988e-12,155790.0
2025-04-11 14:00:00,-3.376587,6.0852814,289.17322,292.5891,1.0,0.006866455,0.67559814,0.0,3.5999988e-12,134706.0
2025-04-11 15:00:00,-3.445694,6.1685944,289.64856,292.76135,1.0,0.0030212402,0.95355225,0.0,3.5999988e-12,114625.0
2025-04-11 16:00:00,-2.7144623,6.468048,289.86676,292.83313,1.0,0.056671143,0.9699402,2.193451e-05,3.5999988e-12,108818.0
2025-04-11 17:00:00,-2.699295,5.866104,290.53076,291.97668,1.0,0.06768799,0.99697876,0.0006117821,3.5999988e-12,109662.0
2025-04-11 18:00:00,-3.4373474,4.936859,290.4264,291.34637,1.0,0.13000488,0.92477417,0.002084732,3.5999988e-12,134211.0
2025-04-11 19:00:00,-4.396286,4.525543,290.24695,291.0205,1.0,0.16314697,0.98147583,0.002957821,3.5999988e-12,112619.0
2025-04-11 20:00:00,-4.8638763,4.52507,290.2154,290.8692,1.0,0.4611206,0.91867065,0.0053043365,3.5999988e-12,108502.0
2025-04-11 21:00:00,-4.9575043,4.409622,290.52008,291.1234,0.9968567,0.91867065,0.93984985,0.0054130554,3.5999988e-12,98827.0
2025-04-11 22:00:00,-4.5794983,1.9159546,290.13098,290.7486,1.0,0.70147705,0.9623413,0.0015163422,3008.0,76222.0
2025-04-11 23:00:00,-3.3768463,1.8021698,290.40723,290.92096,0.9968567,0.79125977,0.99383545,0.0014481544,56896.0,52371.0
2025-04-12 00:00:00,-0.06427002,1.5466461,291.03003,291.26086,0.94802856,0.7987671,0.9763489,0.0017952919,178944.0,23874.0
2025-04-12 01:00:00,4.836029,-0.08531189,291.2389,291.37195,1.0,0.96673584,0.83477783,0.0015625954,186944.0,20457.0
2025-04-12 02:00:00,6.0100403,-2.0666046,290.84875,291.5558,1.0,0.96591187,0.548645,0.00046157837,435136.0,-28676.0
2025-04-12 03:00:00,6.2795258,-3.12352,291.66016,292.49792,0.95809937,1.0,0.63616943,0.00014209747,981952.0,-170468.0
2025-04-12 04:00:00,6.1432343,-5.957901,289.99463,292.67676,0.7140198,0.97247314,0.51904297,8.2969666e-05,1539200.0,-372755.0
2025-04-12 05:00:00,5.4694824,-9.830048,286.85278,290.60156,0.8908386,1.0,0.46951294,1.859665e-05,653376.0,-102088.0
2025-04-12 06:00:00,5.6317444,-9.426941,283.8628,288.4912,0.8336487,0.66815186,0.88067627,2.3841858e-06,709440.0,-207097.0
2025-04-12 07:00:00,6.0662994,-7.365402,279.89062,288.08398,0.96499634,0.16290283,0.9968567,0.0,530688.0,-244612.0
2025-04-12 08:00:00,5.7397156,-5.319107,275.02222,287.2541,0.60672,0.0642395,1.0,0.0,255616.0,-32376.0
2025-04-12 09:00:00,6.0670624,-4.5184937,273.6952,287.19376,0.9226074,0.0,1.0,0.0,187584.0,71532.0
2025-04-12 10:00:00,8.310196,-4.405243,272.01025,287.05872,0.85739136,0.01373291,1.0,0.0,40704.0,108610.0
2025-04-12 11:00:00,7.817505,-4.9510956,271.11255,285.9406,0.5845337,0.0,0.9717407,0.0,2688.0,87412.0
2025-04-12 12:00:00,7.490906,-5.4237213,271.5824,285.4953,0.0,0.0,0.07910156,0.0,3.5999988e-12,119982.0
2025-04-12 13:00:00,6.593857,-4.2389984,271.57336,285.10507,0.0,0.0,0.0,0.0,3.5999988e-12,186424.0
2025-04-12 14:00:00,6.802002,-3.948227,270.23254,284.55542,0.0,0.0,0.0,0.0,3.5999988e-12,195049.0
2025-04-12 15:00:00,6.6014557,-3.3011322,269.427,284.28305,0.0,0.0,0.0,0.0,3.5999988e-12,195913.0
2025-04-12 16:00:00,6.3122864,-2.4710846,269.62073,283.94598,0.0,0.0,0.0,0.0,3.5999988e-12,193167.0
2025-04-12 17:00:00,6.1054688,-2.1579437,269.2793,282.73206,0.0,0.0,0.0,0.0,3.5999988e-12,185151.0
2025-04-12 18:00:00,5.7436523,-1.746521,269.32104,282.46686,0.0,0.0,0.0,0.0,3.5999988e-12,180550.0
2025-04-12 19:00:00,5.228882,-0.84124756,270.09155,282.28528,0.0,0.0,0.0,0.0,3.5999988e-12,162601.0
2025-04-12 20:00:00,5.0994873,0.15983582,270.97742,281.6787,0.0,0.0,0.0,0.0,3.5999988e-12,145674.0
2025-04-12 21:00:00,4.940155,1.1044617,271.59973,281.72382,0.0,0.0,0.0,0.0,3.5999988e-12,133516.0
2025-04-12 22:00:00,4.4381714,1.8494873,273.5619,283.34167,0.0,0.0,0.0,0.0,34688.0,126145.0
2025-04-12 23:00:00,5.204071,1.4264526,273.682,284.25635,0.0,0.0,0.0,0.0,472704.0,5553.0
2025-04-13 00:00:00,6.446823,0.87872314,272.67493,285.1891,0.0,0.0,0.0,0.0,1168192.0,-217841.0
2025-04-13 01:00:00,7.0360565,0.07901001,271.71094,286.0924,0.0,0.0,0.0,0.0,1857728.0,-457029.0
2025-04-13 02:00:00,7.2269745,-0.70510864,269.99084,288.8634,0.0,0.0,0.0,0.0,2438016.0,-656489.0
2025-04-13 03:00:00,7.5012817,-0.6616211,269.14124,289.09607,0.0,0.0,0.0,0.0,2850496.0,-794409.0
2025-04-13 04:00:00,7.696884,-0.49873352,269.54565,289.32153,0.0,0.0,0.0,0.0,3052224.0,-851175.0
2025-04-13 05:00:00,7.755783,0.14758301,271.80676,291.31824,0.0,0.0,0.0,0.0,3024960.0,-812324.0
2025-04-13 06:00:00,7.8326416,1.1462097,271.81702,291.4547,0.0,0.0,0.0,0.0,2772992.0,-675004.0
2025-04-13 07:00:00,8.124588,1.6556244,271.9287,292.14746,0.0,0.0,0.0,0.0,2317440.0,-403998.0
2025-04-13 08:00:00,7.701477,1.9124451,273.3661,292.61365,0.0,0.0,0.0,0.0,1707392.0,-101170.0
2025-04-13 09:00:00,6.048889,2.5234222,274.22217,292.65295,0.0,0.0,0.0,0.0,1012096.0,147639.0
2025-04-13 10:00:00,3.8453064,2.7348022,275.69092,290.8376,0.0,0.0,0.0,0.0,351680.0,289064.0
2025-04-13 11:00:00,2.9389343,2.8416595,275.9192,290.20178,0.0,0.0,0.026977539,0.0,11328.0,280348.0
2025-04-13 12:00:00,2.5027008,3.4486847,276.36316,289.57758,0.0,0.0,0.0,0.0,3.5999988e-12,237778.0
2025-04-13 13:00:00,2.6435394,4.0973206,277.02197,289.26855,0.0,0.0,0.0,0.0,3.5999988e-12,235162.0
2025-04-13 14:00:00,3.4273987,4.715576,278.0708,289.12097,0.0,0.0,0.051971436,0.0,3.5999988e-12,239954.0
2025-04-13 15:00:00,4.5861053,4.82312,277.94763,289.7578,0.0,0.0,0.1958313,0.0,3.5999988e-12,273491.0
2025-04-13 16:00:00,5.2217407,4.469101,277.72144,290.0097,0.01876831,0.0,0.28808594,0.0,3.5999988e-12,299883.0
2025-04-13 17:00:00,5.642502,3.3124847,277.74097,290.1908,0.0,0.0,0.095581055,0.0,3.5999988e-12,308055.0
2025-04-13 18:00:00,5.443802,1.3091736,278.12524,289.68225,0.0,0.0,0.050048828,0.0,3.5999988e-12,295253.0
2025-04-13 19:00:00,5.064209,0.47328186,278.28174,289.43848,0.0,0.0,0.0030212402,0.0,3.5999988e-12,234096.0
2025-04-13 20:00:00,5.4920807,0.49899292,278.5686,289.4663,0.0,0.0,0.0,0.0,3.5999988e-12,237792.0
2025-04-13 21:00:00,5.454483,-0.46762085,279.1491,288.58142,0.0,0.0,0.0,0.0,3.5999988e-12,249450.0
2025-04-13 22:00:00,3.077362,-0.7026062,280.1059,290.0337,0.0,0.0,0.0,0.0,34752.0,225197.0
2025-04-13 23:00:00,3.7262878,-0.7583771,280.12036,290.42676,0.0,0.0,0.0,0.0,451712.0,82839.0
2025-04-14 00:00:00,4.3440247,-0.5219879,279.71167,290.84827,0.0,0.0,0.0,0.0,1130240.0,-122196.0
2025-04-14 01:00:00,5.4201508,-0.9608002,278.80566,291.58105,0.0,0.0,0.0,0.0,1812608.0,-301284.0
2025-04-14 02:00:00,6.7755127,-1.7497559,276.16357,293.69604,0.0,0.0,0.0,0.0,2386752.0,-452807.0
2025-04-14 03:00:00,7.7726135,-2.0748596,275.33813,294.00598,0.0,0.0,0.0,0.0,2792832.0,-584067.0
2025-04-14 04:00:00,8.390289,-2.6457214,275.4004,294.46423,0.0069885254,0.0,0.0,0.0,2990784.0,-642528.0
2025-04-14 05:00:00,8.54628,-2.5674744,274.49756,295.22888,0.06878662,0.0,0.0,0.0,2970368.0,-620010.0
2025-04-14 06:00:00,8.5512085,-2.3109283,274.09277,295.30566,0.0,0.0,0.0,0.0,2728192.0,-510470.0
2025-04-14 07:00:00,8.38356,-2.7800598,273.97925,295.24927,0.0,0.0,0.0,0.0,2291648.0,-327306.0
2025-04-14 08:00:00,7.5374146,-3.3765411,274.3772,294.5619,0.0,0.0,0.0,0.0,1695168.0,-100951.0
2025-04-14 09:00:00,5.916336,-3.4163818,275.08984,294.07593,0.0,0.0,0.0038452148,0.0,1007360.0,119479.0
2025-04-14 10:00:00,3.5851288,-2.9044952,275.37573,291.50818,0.0,0.0,0.006866455,0.0,350336.0,251065.0
2025-04-14 11:00:00,2.3312073,-2.1584473,275.17017,291.05518,0.0,0.0,0.0,0.0,12224.0,240304.0
2025-04-14 12:00:00,1.0858612,-2.0509338,277.0642,290.41565,0.0,0.0,0.0069885254,0.0,3.5999988e-12,180895.0
2025-04-14 13:00:00,0.19532776,-1.8158875,276.52246,290.6687,0.0,0.0,0.0138549805,0.0,3.5999988e-12,133582.0
2025-04-14 14:00:00,-0.08938599,-1.310318,277.08936,288.48596,0.0,0.0,0.0076904297,0.0,3.5999988e-12,99290.0
2025-04-14 15:00:00,0.52334595,0.1963501,277.9109,288.48993,0.0,0.0,0.0,0.0,3.5999988e-12,70934.0
2025-04-14 16:00:00,1.2462006,0.89598083,278.42175,287.31964,0.0,0.0,0.0,0.0,3.5999988e-12,55706.0
2025-04-14 17:00:00,2.0360413,0.9161835,278.23682,286.0113,0.0,0.0,0.0,0.0,3.5999988e-12,69518.0
2025-04-14 18:00:00,2.7207947,0.36071777,278.26514,286.1137,0.0,0.0,0.0,0.0,3.5999988e-12,114995.0
2025-04-14 19:00:00,3.2666016,0.029769897,278.37146,285.9458,0.0,0.0,0.0,0.0,3.5999988e-12,100361.0
2025-04-14 20:00:00,3.4668121,-0.13188171,278.8385,285.27094,0.0,0.0,0.0,0.0,3.5999988e-12,115919.0
2025-04-14 21:00:00,3.5283813,-0.041305542,279.13385,284.93323,0.0,0.0,0.0,0.0,3.5999988e-12,119816.0
2025-04-14 22:00:00,3.8954468,0.20584106,280.59882,287.7926,0.0,0.0,0.0,0.0,39360.0,112073.0
2025-04-14 23:00:00,4.0272827,0.18266296,281.41553,288.92657,0.0,0.0,0.0,0.0,474560.0,10883.0
2025-04-15 00:00:00,4.032547,0.09832764,281.51233,290.07172,0.0,0.0,0.0,0.0,1154240.0,-146831.0
2025-04-15 01:00:00,4.4291534,0.085006714,281.04425,291.34668,0.0,0.0,0.0,0.0,1831360.0,-301097.0
2025-04-15 02:00:00,5.0748444,0.071121216,279.0105,294.58276,0.0,0.0,0.0,0.0,2403456.0,-426409.0
2025-04-15 03:00:00,4.8401947,-0.007675171,279.00427,295.0962,0.0,0.0,0.0,0.0,2808640.0,-527171.0
2025-04-15 04:00:00,4.493927,-0.19515991,278.79443,295.31958,0.0,0.0,0.0,0.0,3009664.0,-560926.0
2025-04-15 05:00:00,4.2880707,-0.4104004,278.43005,297.02368,0.0,0.0,0.0,0.0,2989568.0,-523816.0
2025-04-15 06:00:00,3.495636,-0.66781616,278.21216,297.12964,0.0,0.0,0.0,0.0,2749120.0,-423854.0
2025-04-15 07:00:00,2.8016205,-0.10232544,277.89038,297.2417,0.015625,0.0,0.0,0.0,2301760.0,-265403.0
2025-04-15 08:00:00,2.2941284,0.6722717,278.2046,297.29395,0.016357422,0.0,0.0,0.0,1705984.0,-106028.0
2025-04-15 09:00:00,1.203598,1.3822327,280.4154,296.7921,0.0,0.0,0.0,0.0,1018048.0,24141.0
2025-04-15 10:00:00,0.7758179,1.9196472,281.25256,292.34436,0.0,0.0,0.0,0.0,361088.0,60521.0
2025-04-15 11:00:00,0.62454224,2.3549652,281.7472,291.2483,0.048828125,0.0,0.0,0.0,13504.0,89908.0
2025-04-15 12:00:00,0.4421234,2.693039,281.90747,290.62152,0.7622986,0.0,0.0,0.0,3.5999988e-12,109965.0
2025-04-15 13:00:00,-0.00038146973,3.3370514,281.547,290.29236,0.8557129,0.0,0.0,0.0,3.5999988e-12,121645.0
2025-04-15 14:00:00,-0.2443695,4.185211,281.27148,289.24475,0.95199585,0.0,0.0,0.0,3.5999988e-12,141733.0
2025-04-15 15:00:00,-0.30007935,4.581024,281.88354,289.23434,0.96847534,0.0,0.0,0.0,3.5999988e-12,166622.0
2025-04-15 16:00:00,-0.44865417,4.452362,282.0808,288.8811,0.98999023,0.0,0.0,0.0,3.5999988e-12,169103.0
2025-04-15 17:00:00,-0.9002533,4.1991577,282.30652,288.3158,1.0,0.0,0.0,0.0,3.5999988e-12,152018.0
2025-04-15 18:00:00,-0.7405853,4.292389,282.40833,288.3815,0.9182434,0.0,0.0,0.0,3.5999988e-12,138368.0
2025-04-15 19:00:00,-0.48379517,4.3798065,282.86768,288.37198,0.83288574,0.0,0.0,0.0,3.5999988e-12,138432.0
2025-04-15 20:00:00,-0.56785583,4.364441,283.08875,287.7754,0.89434814,0.0,0.0,0.0,3.5999988e-12,140862.0
2025-04-15 21:00:00,-0.6770325,4.3618774,283.37183,288.01825,1.0,0.0,0.0,0.0,3.5999988e-12,143994.0
2025-04-15 22:00:00,-0.68411255,4.034912,284.65308,290.33545,0.94699097,0.0,0.0,0.0,35456.0,120927.0
2025-04-15 23:00:00,-0.7731323,4.447342,284.97272,291.20282,0.95144653,0.0,0.0,0.0,400256.0,45330.0
2025-04-16 00:00:00,-0.33720398,4.633148,284.6371,292.05823,0.9213257,0.0,0.0,0.0,1011200.0,-103448.0
2025-04-16 01:00:00,0.2629547,4.997162,284.53003,292.82275,0.612854,0.0,0.0,0.0,1555584.0,-232894.0
2025-04-16 02:00:00,0.5940094,5.2107697,284.70178,297.4619,0.91973877,0.0,0.01876831,0.0,2286080.0,-386992.0
2025-04-16 03:00:00,0.6531372,5.376663,284.5381,298.3274,0.980011,0.0,0.1758728,0.0,2718528.0,-451296.0
2025-04-16 04:00:00,0.6767273,5.474182,284.2527,298.5708,1.0,0.0,0.5971985,0.0,2775104.0,-436264.0
2025-04-16 05:00:00,0.7194824,5.4565887,284.5442,299.67456,1.0,0.0,0.67437744,0.0,2605568.0,-380971.0
2025-04-16 06:00:00,0.6287384,5.2275543,285.10803,299.64087,0.98165894,0.0,0.48345947,0.0,2586048.0,-375893.0
2025-04-16 07:00:00,0.2008667,4.6974487,285.52832,299.3943,0.890625,0.0,0.11639404,0.0,1989696.0,-203728.0
2025-04-16 08:00:00,-0.48550415,4.262024,286.52026,298.46167,0.77734375,0.0,0.0,0.0,1428288.0,-79394.0
2025-04-16 09:00:00,-1.01268,4.263504,287.87793,297.51416,0.8263855,0.0,0.0,0.0,873344.0,20803.0
2025-04-16 10:00:00,-1.1306305,4.4149933,287.3838,294.90186,0.90374756,0.0,0.0,0.0,300800.0,118137.0
2025-04-16 11:00:00,-0.7304077,5.0217133,287.73376,294.60144,0.9139404,0.0,0.0,0.0,12800.0,166025.0
2025-04-16 12:00:00,0.20663452,5.212494,287.76355,294.67004,0.9151306,0.0,0.0,0.0,3.5999988e-12,182932.0
2025-04-16 13:00:00,0.9992676,4.9983826,286.8219,294.71326,0.8872986,0.0,0.0,0.0,3.5999988e-12,187264.0
2025-04-16 14:00:00,1.5024567,4.619507,285.81665,293.536,0.9760437,0.0,0.0,0.0,3.5999988e-12,204921.0
2025-04-16 15:00:00,1.8950806,4.186615,285.4054,293.5558,0.9668579,0.0,0.0,0.0,3.5999988e-12,197805.0
2025-04-16 16:00:00,2.3650818,3.7047882,285.46143,293.35376,0.91134644,0.0,0.0,0.0,3.5999988e-12,193108.0
2025-04-16 17:00:00,2.798294,3.5676727,285.35034,292.04993,0.74313354,0.0,0.0,0.0,3.5999988e-12,182882.0
2025-04-16 18:00:00,2.6923676,3.3832855,285.3291,292.0058,0.70321655,0.0,0.0,0.0,3.5999988e-12,171313.0
2025-04-16 19:00:00,2.805954,3.2704315,285.3308,292.07837,0.84976196,0.0,0.0,0.0,3.5999988e-12,230074.0
2025-04-16 20:00:00,2.6024628,3.1042175,285.4516,291.19647,0.9961548,0.0,0.0,0.0,3.5999988e-12,216052.0
2025-04-16 21:00:00,2.2351837,2.7841644,285.40802,290.76355,1.0,0.0,0.0,0.0,3.5999988e-12,199376.0
2025-04-16 22:00:00,1.6372375,2.3557587,285.4463,293.66406,1.0,0.0,0.0,0.0,42112.0,160294.0
2025-04-16 23:00:00,1.0435333,3.0252228,286.30786,294.37732,0.98999023,0.0,0.0,0.0,397888.0,77586.0
2025-04-17 00:00:00,0.8132324,3.190155,286.71988,295.54346,0.98999023,0.0,0.0,0.0,955584.0,-45088.0
2025-04-17 01:00:00,1.0123596,3.2981873,287.45184,296.48535,0.99313354,0.0,0.013946533,0.0,1486400.0,-153558.0
2025-04-17 02:00:00,0.7234955,3.411209,288.13593,299.11768,0.9831238,0.0,0.0030212402,0.0,1790208.0,-222782.0
2025-04-17 03:00:00,0.736969,3.6816711,288.33832,299.5381,1.0,0.0,0.0,0.0,2227264.0,-316414.0
2025-04-17 04:00:00,0.899292,3.9760284,288.40912,299.67114,0.98605347,0.0,0.0,0.0,2387840.0,-349018.0
2025-04-17 05:00:00,1.0272217,4.228073,288.9544,300.2036,1.0,0.0,0.04711914,0.0,2355072.0,-322685.0
2025-04-17 06:00:00,0.94421387,4.001831,288.73737,300.5,1.0,0.0,0.060760498,0.0,2399040.0,-323559.0
2025-04-17 07:00:00,1.6405029,4.1193542,288.83008,300.55566,0.9937439,0.0,0.092437744,0.0,1218176.0,-31444.0
2025-04-17 08:00:00,3.6669922,5.5475006,288.67822,298.68896,1.0,0.0,0.17932129,0.0,913984.0,59672.0
2025-04-17 09:00:00,4.281296,6.165512,287.72223,298.04248,1.0,0.0,0.0,0.0,441920.0,227905.0
2025-04-17 10:00:00,3.0520325,4.8241577,286.99457,295.38696,0.9471741,0.0,0.009185791,0.0,175232.0,249808.0
2025-04-17 11:00:00,1.8389587,4.661972,286.88144,294.9972,0.95584106,0.0,0.034179688,0.0,11456.0,221756.0
2025-04-17 12:00:00,1.7407379,4.6723785,286.84106,294.64014,0.86154175,0.0,0.062072754,0.0,3.5999988e-12,185549.0
2025-04-17 13:00:00,1.6288605,4.5838165,286.8541,294.37,0.953125,0.0,0.0,0.0,3.5999988e-12,167744.0
2025-04-17 14:00:00,1.1341553,4.5885315,286.8933,292.98486,0.64953613,0.0,0.0,0.0,3.5999988e-12,162345.0
2025-04-17 15:00:00,1.2037811,4.280899,287.15472,292.82605,0.56140137,0.0,0.0,0.0,3.5999988e-12,150718.0
2025-04-17 16:00:00,1.3247681,3.3738708,287.453,292.5177,0.77130127,0.0,0.0,0.0,3.5999988e-12,126861.0
2025-04-17 17:00:00,1.255722,2.6733398,287.4278,291.2544,0.8868103,0.0,0.0,0.0,3.5999988e-12,101329.0
2025-04-17 18:00:00,0.9607849,2.4174194,287.57864,290.94226,0.0,0.0,0.0,0.0,3.5999988e-12,90317.0
2025-04-17 19:00:00,0.86286926,2.1496887,287.58585,290.6396,0.0,0.0,0.0,0.0,3.5999988e-12,74014.0
2025-04-17 20:00:00,0.62887573,1.8311615,287.62302,289.59396,0.0,0.0,0.0,0.0,3.5999988e-12,57959.0
2025-04-17 21:00:00,0.12797546,2.0904694,287.92673,289.87946,0.0,0.0,0.0,0.0,3.5999988e-12,47702.0
2025-04-17 22:00:00,-0.24461365,1.51474,288.5943,291.78174,0.0,0.0,0.0,0.0,45824.0,42114.0
2025-04-17 23:00:00,-0.09681702,1.5852356,289.1941,292.76978,0.0,0.0,0.0,0.0,466816.0,-35114.0
2025-04-18 00:00:00,0.23727417,1.3154144,289.30206,293.6604,0.0,0.0,0.0,0.0,1110208.0,-175156.0
2025-04-18 01:00:00,-0.025817871,1.294693,289.091,295.30225,0.0,0.0,0.0,0.0,1758208.0,-314463.0
2025-04-18 02:00:00,-0.80693054,1.7427826,289.58685,298.6582,0.0,0.0,0.0,0.0,2313408.0,-429163.0
2025-04-18 03:00:00,-1.5263519,2.4085846,289.86658,299.21533,0.0,0.0,0.0,0.0,2709504.0,-509839.0
2025-04-18 04:00:00,-1.850769,2.7936096,289.9181,299.417,0.0,0.0,0.0,0.0,2901184.0,-557023.0
2025-04-18 05:00:00,-2.0602417,3.0319214,289.78333,299.90723,0.0,0.0,0.0,0.0,2877056.0,-573117.0
2025-04-18 06:00:00,-2.6350403,3.3162823,289.85986,299.25244,0.0,0.0,0.0,0.0,2636800.0,-559157.0
2025-04-18 07:00:00,-2.9651947,3.2722483,290.14,298.09937,0.0,0.0,0.0,0.0,2217216.0,-443839.0
2025-04-18 08:00:00,-3.2448425,3.0976229,290.69983,297.28784,0.0,0.0,0.0,0.0,1638656.0,-311980.0
2025-04-18 09:00:00,-3.2724152,3.2564077,291.87012,296.438,0.0,0.03326416,0.0,0.0,973056.0,-162130.0
2025-04-18 10:00:00,-3.0007477,3.0131474,290.64874,293.7959,0.0,0.06021118,0.0,0.0,349760.0,-17481.0
2025-04-18 11:00:00,-3.4167786,3.7470226,291.03662,293.3744,0.0,0.29733276,0.0,0.0,15488.0,62320.0
2025-04-18 12:00:00,-3.4979095,4.306694,291.28656,293.34546,0.0,0.29296875,0.0,0.0,3.5999988e-12,58558.0
2025-04-18 13:00:00,-3.2757568,5.0997925,291.3645,293.57275,0.0,0.25091553,0.0,0.0,3.5999988e-12,80393.0
2025-04-18 14:00:00,-2.9755402,5.5384827,291.52527,293.13245,0.0,0.22567749,0.0,0.0,3.5999988e-12,82843.0
2025-04-18 15:00:00,-2.6996613,5.9948273,291.5313,293.0121,0.07366943,0.16729736,0.0,0.0,3.5999988e-12,97321.0
2025-04-18 16:00:00,-2.4367523,6.1230316,291.44592,293.12085,0.2543335,0.11010742,0.0,0.0,3.5999988e-12,110236.0
2025-04-18 17:00:00,-1.8797455,6.313019,291.49072,292.76392,0.89868164,0.060943604,0.0,0.0,3.5999988e-12,113577.0
2025-04-18 18:00:00,-1.3820648,5.844986,291.59375,292.80994,0.94937134,0.049987793,0.0,0.0,3.5999988e-12,110774.0
2025-04-18 19:00:00,-1.3542786,5.1710052,291.4077,292.7173,0.8694153,0.09539795,0.0,0.0,3.5999988e-12,108062.0
2025-04-18 20:00:00,-1.1849518,4.932434,291.38483,292.50018,1.0,0.12768555,0.0060424805,0.0,3.5999988e-12,95219.0
2025-04-18 21:00:00,-1.160553,4.7584534,291.21332,292.33203,1.0,0.040618896,0.18740845,0.0,3.5999988e-12,92976.0
2025-04-18 22:00:00,-1.100357,3.9131622,291.8062,293.49292,0.9490051,0.117248535,0.3260498,0.0,42432.0,62199.0
2025-04-18 23:00:00,-1.2859192,4.189575,291.91467,294.0708,1.0,0.015411377,0.26553345,0.0,399552.0,-33592.0
2025-04-19 00:00:00,-0.60679626,4.743515,292.29016,295.14685,0.4809265,0.0,0.27627563,0.0,838720.0,-163964.0
2025-04-19 01:00:00,0.19050598,4.8119965,292.45288,296.25525,0.88549805,0.009185791,0.4791565,0.0,1369024.0,-302444.0
2025-04-19 02:00:00,0.4466858,3.924591,292.45746,298.78735,0.9848938,0.019897461,0.3864441,7.05719e-05,1815744.0,-425172.0
2025-04-19 03:00:00,0.15039062,3.5661469,292.747,299.49487,1.0,0.01373291,0.17175293,0.0001578331,1620096.0,-296483.0
2025-04-19 04:00:00,0.16781616,3.7650452,292.7622,300.0315,1.0,0.012908936,0.087371826,2.861023e-06,1411520.0,-247549.0
2025-04-19 05:00:00,0.3395996,3.6928253,292.46545,300.02026,1.0,0.012512207,0.53308105,9.536743e-07,1155072.0,-175028.0
2025-04-19 06:00:00,0.3645172,2.9317627,292.66455,301.21826,1.0,0.030944824,0.5256958,9.536743e-07,1473664.0,-247214.0
2025-04-19 07:00:00,0.20930481,2.0243378,292.78394,299.7871,1.0,0.0,0.2835083,5.2452087e-06,1031232.0,-128026.0
2025-04-19 08:00:00,0.5609894,0.7416687,293.32678,299.27246,1.0,0.0062561035,0.15515137,3.33786e-06,973888.0,-114263.0
2025-04-19 09:00:00,0.36039734,-1.195343,293.51343,298.84155,1.0,0.0519104,0.26919556,0.0011992455,566784.0,-23766.0
2025-04-19 10:00:00,0.77711487,-3.1758728,293.30615,295.31885,1.0,0.3793335,0.20684814,0.00034189224,169664.0,38757.0
2025-04-19 11:00:00,-0.2629242,-4.9169617,292.7511,294.2683,1.0,0.8306885,0.12890625,9.536743e-07,8064.0,35814.0
2025-04-19 12:00:00,-0.7088623,-5.1027374,291.66162,293.35815,1.0,1.0,0.16360474,0.0,3.5999988e-12,2799.0
2025-04-19 13:00:00,-0.8683777,-4.8677826,290.43384,292.25488,1.0,1.0,0.18319702,0.0,3.5999988e-12,-17148.0
2025-04-19 14:00:00,-0.91830444,-5.483017,288.8568,290.78894,0.86050415,1.0,0.08154297,0.0,3.5999988e-12,-37943.0
2025-04-19 15:00:00,-0.608551,-5.485428,288.28387,290.32935,0.8019409,1.0,0.073028564,0.0,3.5999988e-12,-44620.0
2025-04-19 16:00:00,-0.67137146,-5.2567596,287.78888,289.88586,0.95114136,1.0,0.036865234,0.0,3.5999988e-12,-44854.0
2025-04-19 17:00:00,-0.263031,-4.4312897,287.24243,289.05365,0.22192383,1.0,0.009063721,0.0,3.5999988e-12,-50098.0
2025-04-19 18:00:00,0.48762512,-3.9003906,287.37482,289.21936,0.0,1.0,0.0060424805,0.0,3.5999988e-12,-48399.0
2025-04-19 19:00:00,1.109314,-4.3845825,287.51178,289.37708,0.0,1.0,0.0060424805,9.536743e-07,3.5999988e-12,-59469.0
2025-04-19 20:00:00,1.2412109,-4.30986,287.3548,289.11877,0.0,1.0,0.0,9.536743e-07,3.5999988e-12,-50361.0
2025-04-19 21:00:00,1.0538483,-4.1123505,287.30994,289.1079,0.0,1.0,0.0,9.536743e-07,3.5999988e-12,-48968.0
2025-04-19 22:00:00,0.83506775,-4.0755463,286.851,290.1007,0.0,0.93118286,0.0,9.536743e-07,23936.0,-48420.0
2025-04-19 23:00:00,0.57751465,-3.895401,286.91028,290.318,0.0,0.9187927,0.0,1.4305115e-06,214208.0,-110737.0
2025-04-20 00:00:00,0.15362549,-4.00206,287.07556,290.61377,0.0,0.984375,0.0,4.7683716e-07,671296.0,-268694.0
2025-04-20 01:00:00,-0.6976776,-4.467575,287.05878,290.58838,0.10614014,0.9937439,0.0,0.0,1104896.0,-423148.0
2025-04-20 02:00:00,-1.2592163,-4.416794,287.00482,293.11816,0.54452515,0.7250366,0.0,0.0,1811584.0,-689228.0
2025-04-20 03:00:00,-1.72612,-4.310684,286.95776,293.57764,0.5276184,0.35498047,0.0,0.0,2491136.0,-900969.0
2025-04-20 04:00:00,-2.142395,-4.201248,286.49683,293.78735,0.31152344,0.04006958,0.0,0.0,2865856.0,-961283.0
2025-04-20 05:00:00,-2.317093,-4.0986023,286.16858,295.07397,0.5654907,0.0,0.0,0.0,2870400.0,-918708.0
2025-04-20 06:00:00,-2.2885132,-4.14769,286.11237,294.9392,0.26000977,0.0,0.0,0.0,2565952.0,-794471.0
2025-04-20 07:00:00,-2.4204102,-4.1455536,285.7539,294.5193,0.54022217,0.0,0.0,0.0,2259200.0,-684108.0
2025-04-20 08:00:00,-2.6549377,-3.832428,285.66522,293.19922,0.7261963,0.0,0.0,0.0,1677056.0,-471326.0
2025-04-20 09:00:00,-2.9682465,-3.156372,285.65015,292.156,0.76678467,0.0,0.0,0.0,1014656.0,-243676.0
2025-04-20 10:00:00,-2.6528168,-2.0134277,284.72058,289.4325,0.5675354,0.0030212402,0.0,0.0,374912.0,-43008.0
2025-04-20 11:00:00,-3.0538177,-1.5863342,285.0082,289.01526,0.39474487,0.0030212402,0.0,0.0,18944.0,41784.0
2025-04-20 12:00:00,-2.813034,-1.1556091,285.12405,288.73755,0.58758545,0.0,0.0,0.0,3.5999988e-12,37111.0
2025-04-20 13:00:00,-2.692093,-0.7783661,285.25323,288.68005,0.9492798,0.0,0.0,0.0,3.5999988e-12,27699.0
2025-04-20 14:00:00,-2.8618622,-0.6305237,285.3851,287.80524,0.95999146,0.0,0.0,0.0,3.5999988e-12,24748.0
2025-04-20 15:00:00,-2.8284454,-0.50460815,285.6791,287.91058,0.8831482,0.0060424805,0.0,0.0,3.5999988e-12,29287.0
2025-04-20 16:00:00,-2.7792664,-0.1836853,285.98285,288.15106,0.7188721,0.24197388,0.0,0.0,3.5999988e-12,25772.0
2025-04-20 17:00:00,-2.6992188,0.16390991,286.05917,287.8567,0.76885986,0.52542114,0.0,0.0,3.5999988e-12,25967.0
2025-04-20 18:00:00,-2.796524,0.4521637,286.1756,287.9077,0.8345032,0.62008667,0.0,0.0,3.5999988e-12,21193.0
2025-04-20 19:00:00,-3.0974426,0.54634094,286.33527,288.4063,0.7486572,0.77908325,0.0,0.0,3.5999988e-12,-4076.0
2025-04-20 20:00:00,-3.7406769,0.67481995,287.04736,288.6795,0.8397217,0.9562073,0.0,0.0,3.5999988e-12,-8726.0
2025-04-20 21:00:00,-4.063141,1.294281,287.18927,288.84955,0.9383545,0.94680786,0.0,0.0,3.5999988e-12,-1443.0
2025-04-20 22:00:00,-3.4704437,1.8624878,288.09344,290.3094,0.9961548,0.9229431,0.0,0.0,29312.0,-22422.0
2025-04-20 23:00:00,-3.6424866,2.7698212,288.2852,290.4582,1.0,0.82736206,0.0,0.0,230720.0,-104010.0
2025-04-21 00:00:00,-3.87883,3.5657349,288.36227,290.4558,0.97698975,0.5683899,0.030761719,0.0,616448.0,-235742.0
2025-04-21 01:00:00,-3.754593,4.4826965,288.32047,290.69568,0.9930115,0.22183228,0.1373291,1.9073486e-06,1056384.0,-407229.0
2025-04-21 02:00:00,-3.7808685,4.792465,289.4152,293.98633,1.0,0.04095459,0.13040161,0.0,1612608.0,-593836.0
2025-04-21 03:00:00,-3.6357117,5.29805,289.54956,294.66382,1.0,0.028869629,0.019226074,0.0,1979584.0,-711686.0
2025-04-21 04:00:00,-3.0204773,5.883087,289.53455,294.71655,1.0,0.023651123,0.02999878,6.532669e-05,2029760.0,-717650.0
2025-04-21 05:00:00,-3.172943,5.852112,290.13818,294.3567,1.0,0.0,0.05029297,0.0002040863,1581952.0,-487251.0
2025-04-21 06:00:00,-3.2722168,5.8624725,290.32794,293.81018,1.0,0.0,0.009277344,0.0008201599,1219840.0,-298127.0
2025-04-21 07:00:00,-3.1616516,5.6812744,290.14905,293.34497,1.0,0.0,0.040100098,0.0,1550272.0,-497254.0
2025-04-21 08:00:00,-2.7531128,5.073166,289.95093,292.18665,1.0,0.0,0.3519287,0.0010714531,932352.0,-237754.0
2025-04-21 09:00:00,-3.0408173,4.443878,289.74542,292.00458,1.0,0.0138549805,0.90930176,0.002556324,358144.0,19689.0
2025-04-21 10:00:00,-2.7442322,4.8272247,289.88275,290.70148,1.0,0.38327026,1.0,0.002626419,41408.0,68880.0
2025-04-21 11:00:00,-2.7283173,5.8346252,290.09515,291.195,1.0,0.22631836,0.7987976,0.0037064552,2432.0,86674.0
2025-04-21 12:00:00,-1.5983582,6.5909576,290.19244,291.58838,1.0,0.21765137,0.44018555,0.0028038025,3.5999988e-12,104661.0
2025-04-21 13:00:00,-1.0531158,5.7494354,290.28052,291.63513,1.0,0.17831421,0.9909363,0.0010867119,3.5999988e-12,108239.0
2025-04-21 14:00:00,-0.37524414,5.0128326,290.6494,291.84735,1.0,0.15600586,1.0,0.00044298172,3.5999988e-12,104076.0
2025-04-21 15:00:00,0.67111206,3.9860382,290.8122,291.94702,1.0,0.19049072,0.9906311,0.0011129379,3.5999988e-12,97013.0
2025-04-21 16:00:00,1.366806,3.4657135,290.99634,292.03424,0.9312439,0.22122192,0.9968567,0.0023732185,3.5999988e-12,88761.0
2025-04-21 17:00:00,2.466034,2.8039856,291.35083,292.22406,0.9939575,0.3991394,0.9385071,0.0022845268,3.5999988e-12,72678.0
2025-04-21 18:00:00,3.1956482,1.292923,292.01917,292.83875,1.0,0.35299683,0.67523193,0.0007200241,3.5999988e-12,65143.0
2025-04-21 19:00:00,3.9279785,-0.104766846,292.92084,293.75085,0.84384155,0.82162476,0.32946777,1.9073486e-06,3.5999988e-12,67468.0
2025-04-21 20:00:00,4.1123047,-0.9833679,293.2428,294.3739,0.6751709,1.0,0.4303894,0.0,3.5999988e-12,80123.0
2025-04-21 21:00:00,3.9157867,-1.631958,293.56073,294.52454,0.9569702,1.0,0.16073608,9.536743e-07,3.5999988e-12,64356.0
2025-04-21 22:00:00,2.6493225,-0.9766388,292.4301,293.654,0.980011,0.83117676,0.0,0.0,27968.0,56136.0
2025-04-21 23:00:00,3.2836304,-1.256897,292.63165,293.87085,1.0,0.7440491,0.03604126,2.0503998e-05,219072.0,21467.0
2025-04-22 00:00:00,3.8046417,-2.5542603,292.75525,294.4524,1.0,0.98187256,0.1098938,4.053116e-05,489856.0,-20918.0
2025-04-22 01:00:00,3.341629,-3.8173523,292.79517,294.41553,1.0,1.0,0.106048584,3.0517578e-05,592128.0,-69096.0
2025-04-22 02:00:00,2.6083984,-4.0578156,291.52368,294.65662,1.0,0.89779663,0.021270752,1.4305115e-06,812352.0,-150739.0
2025-04-22 03:00:00,2.9222412,-4.125473,291.1565,295.19653,1.0,0.8272705,0.0,3.8146973e-06,1478976.0,-362889.0
2025-04-22 04:00:00,3.0748596,-3.9646149,290.74292,294.83337,1.0,0.7111511,0.0060424805,3.8146973e-06,1372672.0,-341000.0
2025-04-22 05:00:00,2.8734894,-5.0340576,289.71606,293.90576,1.0,0.89367676,0.02999878,3.8146973e-06,1512832.0,-386021.0
2025-04-22 06:00:00,2.330185,-5.661377,289.33228,293.38586,1.0,0.97540283,0.0030212402,2.861023e-06,921856.0,-216358.0
2025-04-22 07:00:00,2.124176,-6.3457794,288.5072,292.9641,1.0,0.9107361,0.07650757,0.0,931136.0,-235696.0
2025-04-22 08:00:00,1.5491028,-6.747467,287.1488,291.93213,1.0,0.32662964,0.109680176,0.0,744000.0,-173637.0
2025-04-22 09:00:00,0.9860687,-6.4133606,286.48737,291.36072,0.98291016,0.006866455,0.037109375,0.0,492288.0,-86054.0
2025-04-22 10:00:00,0.9199219,-5.2366333,285.51953,290.35242,0.90808105,0.0062561035,0.0062561035,0.0,221248.0,-12258.0
2025-04-22 11:00:00,1.1161346,-4.8022614,285.37418,289.94592,0.83673096,0.0,0.0093688965,0.0,16576.0,48183.0
2025-04-22 12:00:00,1.1816559,-4.3893585,285.42786,289.7868,0.885376,0.006164551,0.0031433105,0.0,3.5999988e-12,47409.0
2025-04-22 13:00:00,1.3516235,-4.107071,285.66214,289.6928,0.92959595,0.0,0.0,0.0,3.5999988e-12,42779.0
2025-04-22 14:00:00,1.2918854,-3.5397186,285.62595,289.31604,0.9508362,0.0,0.015533447,0.0,3.5999988e-12,32722.0
2025-04-22 15:00:00,1.4234772,-2.9690704,285.57614,289.32568,0.9737854,0.0,0.13241577,0.0,3.5999988e-12,40216.0
2025-04-22 16:00:00,1.7932281,-2.3861542,285.73505,289.26886,0.9909363,0.0,0.25527954,0.0,3.5999988e-12,42131.0
2025-04-22 17:00:00,1.7257385,-1.9519501,285.65558,288.60205,0.97424316,0.0,0.4831543,0.0,3.5999988e-12,39770.0
2025-04-22 18:00:00,1.7457428,-1.8903503,285.74768,288.62323,0.7760315,0.0,0.33221436,0.0,3.5999988e-12,27685.0
2025-04-22 19:00:00,1.1425629,-2.2315369,286.01828,288.66235,0.8656311,0.0,0.6081543,1.5735626e-05,3.5999988e-12,21173.0
2025-04-22 20:00:00,1.3002625,-1.8881378,286.43094,288.805,0.90927124,0.0,0.80337524,2.6226044e-05,3.5999988e-12,8808.0
2025-04-22 21:00:00,1.4868317,-1.1977081,286.43683,288.92926,0.98605347,0.0,0.73391724,1.001358e-05,3.5999988e-12,9782.0
2025-04-22 22:00:00,1.5441132,-0.60383606,286.42987,290.20026,0.9845886,0.0,0.7852173,0.0,25024.0,859.0
2025-04-22 23:00:00,1.0857086,-1.0892334,286.2992,290.40472,0.816864,0.0,0.63879395,2.861023e-06,248128.0,-29383.0
2025-04-23 00:00:00,1.3486633,-1.1532288,286.3173,291.10077,0.44100952,0.0,0.11819458,4.2915344e-06,629888.0,-102185.0
2025-04-23 01:00:00,1.4347076,-1.1928253,286.49927,291.70654,0.61764526,0.0,0.03491211,0.0,1341376.0,-259607.0
2025-04-23 02:00:00,1.73526,-1.7399445,286.16196,294.54578,0.36853027,0.038726807,0.0,0.0,2105344.0,-441585.0
2025-04-23 03:00:00,1.955307,-2.4828339,286.21674,295.51025,0.05001831,0.22512817,0.0031433105,0.0,2720128.0,-594577.0
2025-04-23 04:00:00,1.9839325,-2.8682098,285.599,296.1737,0.0,0.6149597,0.033233643,0.0,2853056.0,-607372.0
2025-04-23 05:00:00,1.852478,-2.5434723,284.4013,296.93652,0.0,0.7562561,0.2199707,0.0,2358272.0,-453855.0
2025-04-23 06:00:00,1.841919,-2.0645752,284.32397,296.98877,0.0,0.8409424,0.3904419,0.0,2077312.0,-336315.0
2025-04-23 07:00:00,1.9352112,-1.8626556,284.26123,297.19678,0.0062561035,0.78826904,0.7875366,0.0,1403328.0,-159270.0
2025-04-23 08:00:00,1.4511566,-1.1859131,284.6147,297.32495,0.0030212402,0.57369995,0.747345,0.0,1092096.0,-68861.0
2025-04-23 09:00:00,0.6506195,0.45491028,285.15497,296.67114,0.17276001,0.29943848,0.45947266,0.0,564544.0,16140.0
2025-04-23 10:00:00,-0.009902954,1.379837,286.7303,293.35913,0.9939575,0.1027832,0.07220459,0.0,286784.0,41836.0
2025-04-23 11:00:00,-0.2164154,1.981369,287.10907,292.48157,0.9937439,0.0,0.0060424805,0.0,20672.0,67459.0
2025-04-23 12:00:00,-0.16099548,1.9438019,287.23767,292.20618,0.9369812,0.0038452148,0.0,0.0,3.5999988e-12,54859.0
2025-04-23 13:00:00,-0.12828064,1.9473724,287.65646,291.5885,0.31536865,0.0038452148,0.0,0.0,3.5999988e-12,41615.0
2025-04-23 14:00:00,-0.027236938,1.9417572,287.64343,290.6963,0.040130615,0.0,0.0,0.0,3.5999988e-12,29931.0
2025-04-23 15:00:00,0.14831543,2.101181,287.60834,290.70135,0.0,0.0115356445,0.0,0.0,3.5999988e-12,31350.0
2025-04-23 16:00:00,0.8010254,1.8863068,287.33002,290.5221,0.0,0.0115356445,0.0,0.0,3.5999988e-12,46386.0
2025-04-23 17:00:00,1.469574,1.5842438,287.12445,289.73346,0.0031433105,0.0115356445,0.0,0.0,3.5999988e-12,59032.0
2025-04-23 18:00:00,1.9088898,1.4023743,286.94983,289.61243,0.09069824,0.0,0.0,0.0,3.5999988e-12,65018.0
2025-04-23 19:00:00,2.142746,0.7020416,286.8275,289.28387,0.0,0.0076904297,0.0,0.0,3.5999988e-12,64476.0
2025-04-23 20:00:00,2.2497406,0.4452362,286.79517,288.95642,0.0,0.015411377,0.0,0.0,3.5999988e-12,55678.0
2025-04-23 21:00:00,2.314209,0.51213074,287.03662,289.078,0.0,0.023101807,0.0,0.0,3.5999988e-12,60321.0
2025-04-23 22:00:00,2.49234,0.34277344,288.5185,291.807,0.009887695,0.0038452148,0.0,0.0,69376.0,49233.0
2025-04-23 23:00:00,2.6400146,-0.11477661,288.93915,292.68542,0.06536865,0.0,0.0060424805,0.0,534976.0,-31485.0
2025-04-24 00:00:00,2.5379028,-0.24308777,289.20633,293.6062,0.8526001,0.0,0.0,0.0,1195776.0,-163744.0
2025-04-24 01:00:00,2.32016,-0.6813965,288.95773,294.62012,0.97406006,0.0,0.0,0.0,1695552.0,-258463.0
2025-04-24 02:00:00,2.0859528,-1.681366,287.2259,296.99146,0.95562744,0.0,0.0,0.0,1831552.0,-259792.0
2025-04-24 03:00:00,0.8440552,-2.763382,286.11926,297.97656,0.9810486,0.0,0.09075928,0.0,1745280.0,-211965.0
2025-04-24 04:00:00,-0.28445435,-2.7448273,286.41724,297.80005,1.0,0.0,0.676178,0.0,952448.0,-22095.0
2025-04-24 05:00:00,-0.68418884,-2.676178,287.40436,296.9004,1.0,0.0,0.98394775,0.0,674176.0,4808.0
2025-04-24 06:00:00,-1.4640656,-1.8450928,288.32574,297.0022,1.0,0.0,0.99697876,0.0,541952.0,5000.0
2025-04-24 07:00:00,-2.4013367,-2.1306152,289.90283,296.87744,1.0,0.0,0.98999023,0.0,636224.0,13150.0
2025-04-24 08:00:00,-2.063507,-2.8289032,289.54382,295.20496,1.0,0.0,1.0,0.0,388480.0,31061.0
2025-04-24 09:00:00,-1.5570526,-3.716446,289.52454,294.3805,1.0,0.0,1.0,0.0,133312.0,44166.0
2025-04-24 10:00:00,-1.2519989,-3.2292786,286.96594,290.82666,1.0,0.0,0.7739868,4.9591064e-05,43584.0,32980.0
2025-04-24 11:00:00,-0.9162445,-3.5068512,286.90173,289.98395,1.0,0.0,0.83929443,0.00012493134,4288.0,27566.0
2025-04-24 12:00:00,-1.47258,-3.1139526,286.50854,289.40063,1.0,0.0,0.9550171,0.00026369095,3.5999988e-12,30265.0
2025-04-24 13:00:00,-1.9105072,-1.8996887,286.5127,288.94153,1.0,0.0,0.8845825,0.0006637573,3.5999988e-12,37767.0
2025-04-24 14:00:00,-1.4445343,-2.1117554,285.8534,288.24512,0.8927002,0.01876831,0.88720703,0.00034236908,3.5999988e-12,38116.0
2025-04-24 15:00:00,-0.861557,-3.7351227,285.57227,288.2251,0.6810303,0.1503601,0.9299927,7.343292e-05,3.5999988e-12,35244.0
2025-04-24 16:00:00,-1.6570587,-4.148346,285.30188,288.00317,0.6213379,0.31378174,0.9500122,4.7683716e-07,3.5999988e-12,37833.0
2025-04-24 17:00:00,-2.1593933,-3.6101685,284.4751,287.51227,0.78204346,0.09768677,0.9390564,0.0,3.5999988e-12,33980.0
2025-04-24 18:00:00,-2.3556519,-3.1856232,283.4984,287.36264,0.986969,0.018463135,0.9739685,0.0,3.5999988e-12,39854.0
2025-04-24 19:00:00,-2.584488,-2.8666382,282.95947,287.52234,0.98532104,0.019989014,0.9231262,0.0,3.5999988e-12,40642.0
2025-04-24 20:00:00,-3.1194458,-2.3295288,282.0232,287.51376,1.0,0.0154418945,0.9552307,0.0,3.5999988e-12,43896.0
2025-04-24 21:00:00,-2.9439087,-2.1544647,281.46936,287.71378,1.0,0.0031433105,0.92056274,0.0,3.5999988e-12,48522.0
2025-04-24 22:00:00,-3.6865082,-2.091751,279.8224,289.1516,1.0,0.010009766,0.9173889,0.0,26304.0,47957.0
2025-04-24 23:00:00,-3.629242,-1.8615417,279.2832,289.07153,0.84020996,0.006164551,0.8197632,0.0,179904.0,27501.0
2025-04-25 00:00:00,-3.9913177,-1.9545441,278.24023,289.3714,0.4932251,0.0,0.67193604,0.0,739520.0,-105390.0
2025-04-25 01:00:00,-4.170761,-2.1058197,277.72552,289.85168,0.03930664,0.0,0.13000488,0.0,1715712.0,-404642.0
2025-04-25 02:00:00,-3.994156,-2.0787048,276.06104,291.95105,0.0,0.0,0.0,0.0,2325568.0,-592716.0
2025-04-25 03:00:00,-3.6247864,-2.0592651,276.08862,292.08496,0.0,0.0,0.0,0.0,2849856.0,-751606.0
2025-04-25 04:00:00,-3.5545807,-1.8841553,276.35828,292.12317,0.0,0.0,0.0,0.0,3048256.0,-807958.0
2025-04-25 05:00:00,-3.5518188,-1.5606537,275.8302,292.9281,0.0,0.0,0.0,0.0,3036544.0,-797742.0
2025-04-25 06:00:00,-3.7423248,-1.3621216,276.09082,292.85095,0.0,0.0,0.0,0.0,2810048.0,-719998.0
2025-04-25 07:00:00,-4.0321045,-1.128006,276.62903,292.61914,0.0,0.0,0.0,0.0,2378176.0,-558115.0
2025-04-25 08:00:00,-4.2499695,-0.7319946,276.3778,291.76318,0.16394043,0.0,0.0,0.0,1785728.0,-381267.0
2025-04-25 09:00:00,-3.9761353,-0.26889038,276.72363,291.32263,0.8630066,0.0,0.0,0.0,1096832.0,-168331.0
2025-04-25 10:00:00,-2.8319092,0.2858734,278.19867,288.43878,0.9454346,0.0,0.0,0.0,415232.0,17157.0
2025-04-25 11:00:00,-2.5571594,0.41212463,279.25354,288.00104,0.90945435,0.0,0.0,0.0,25664.0,65340.0
2025-04-25 12:00:00,-2.266449,0.44862366,279.50885,287.90375,0.7799988,0.0,0.0,0.0,3.5999988e-12,51385.0
2025-04-25 13:00:00,-1.9447632,0.60372925,279.90417,287.58154,0.8970032,0.0,0.0,0.0,3.5999988e-12,42538.0
2025-04-25 14:00:00,-1.8155518,0.6477661,280.2647,286.54376,0.952301,0.0,0.0,0.0,3.5999988e-12,37084.0
2025-04-25 15:00:00,-1.7257385,0.8641815,280.6148,286.57727,0.9268799,0.0,0.0,0.0,3.5999988e-12,39519.0
2025-04-25 16:00:00,-1.6500397,1.3464203,280.45953,286.42133,0.9415283,0.0,0.0,0.0,3.5999988e-12,45246.0
2025-04-25 17:00:00,-1.2377167,1.8005829,280.47375,285.4007,0.8260193,0.0,0.0,0.0,3.5999988e-12,51771.0
2025-04-25 18:00:00,-0.8134308,2.1213531,280.81885,285.7193,0.8913269,0.0,0.0,0.0,3.5999988e-12,53787.0
2025-04-25 19:00:00,-0.8347931,2.1575623,280.93988,285.94885,0.76394653,0.0,0.0,0.0,3.5999988e-12,50433.0
2025-04-25 20:00:00,-1.1463318,1.8713226,281.58368,285.9391,0.3630066,0.0,0.0,0.0,3.5999988e-12,53073.0
2025-04-25 21:00:00,-1.6340942,1.5066681,281.7953,285.96167,0.052337646,0.0,0.0,0.0,3.5999988e-12,55659.0
2025-04-25 22:00:00,-2.5602264,1.2471161,283.036,289.81537,0.117248535,0.0,0.0,0.0,82752.0,54134.0
2025-04-25 23:00:00,-3.0141907,1.7382507,282.15997,290.47577,0.024169922,0.0,0.0,0.0,585728.0,-25642.0
2025-04-26 00:00:00,-3.0353088,2.5760193,280.49072,290.7813,0.0,0.0,0.0,0.0,1268800.0,-190715.0
2025-04-26 01:00:00,-2.7721863,3.1950073,278.8357,291.14392,0.0,0.0,0.0,0.0,1933824.0,-382887.0
2025-04-26 02:00:00,-2.587204,3.7456055,278.79297,294.2572,0.5422363,0.0,0.0,0.0,2488384.0,-558202.0
2025-04-26 03:00:00,-2.5165558,4.0575256,278.24866,294.44946,0.92022705,0.0,0.0,0.0,2853312.0,-676042.0
2025-04-26 04:00:00,-2.5494537,4.162155,277.7594,294.51147,0.89312744,0.0,0.0,0.0,2774400.0,-661948.0
2025-04-26 05:00:00,-2.4819183,4.6085205,276.88892,295.73706,0.94137573,0.0,0.0,0.0,2757376.0,-655086.0
2025-04-26 06:00:00,-2.4735107,4.8042603,276.61792,295.5122,0.8930359,0.0,0.0,0.0,2482176.0,-563976.0
2025-04-26 07:00:00,-2.7387238,4.3680115,276.6084,295.21606,0.8397522,0.0,0.0,0.0,2168384.0,-413934.0
2025-04-26 08:00:00,-3.0490723,3.9118195,277.0,294.32483,0.4744873,0.0,0.0,0.0,1627712.0,-233534.0
2025-04-26 09:00:00,-2.7900848,3.549118,277.52612,293.93286,0.2079773,0.0,0.0,0.0,1043648.0,-77426.0
2025-04-26 10:00:00,-2.2949982,2.8074493,278.71143,290.0653,0.50253296,0.0,0.0,0.0,413440.0,70391.0
2025-04-26 11:00:00,-2.8724823,2.6914215,279.8894,289.84546,0.50561523,0.0,0.05255127,0.0,25216.0,118072.0
2025-04-26 12:00:00,-3.301468,3.1030579,281.32898,289.9447,0.70248413,0.0,0.49819946,0.0,3.5999988e-12,124379.0
2025-04-26 13:00:00,-3.263733,3.3843079,282.05957,289.99207,0.4182434,0.0,0.23641968,0.0,3.5999988e-12,133946.0
2025-04-26 14:00:00,-2.8838196,3.2318573,282.10156,289.08392,0.4534912,0.0,0.2553711,0.0,3.5999988e-12,136243.0
2025-04-26 15:00:00,-2.5401,3.26091,282.45587,288.93106,0.26235962,0.0,0.40344238,0.0,3.5999988e-12,126187.0
2025-04-26 16:00:00,-2.46492,3.1562653,282.81805,289.1599,0.7183533,0.0,0.4466858,0.0,3.5999988e-12,112922.0
2025-04-26 17:00:00,-2.277954,2.9990234,283.07892,288.68002,0.5817566,0.0,0.37179565,0.0,3.5999988e-12,115274.0
2025-04-26 18:00:00,-2.3664093,3.2361145,283.20966,288.76904,0.015411377,0.0,0.18237305,0.0,3.5999988e-12,128715.0
2025-04-26 19:00:00,-2.6412811,3.6894531,283.70374,288.76923,0.013031006,0.0,0.17037964,0.0,3.5999988e-12,104601.0
2025-04-26 20:00:00,-2.8155518,3.6936646,284.6388,288.48767,0.0,0.0,0.4210205,0.0,3.5999988e-12,107964.0
2025-04-26 21:00:00,-2.4937897,3.6006317,285.1988,288.88208,0.0,0.0,0.94226074,0.0,3.5999988e-12,104507.0
2025-04-26 22:00:00,-2.9285126,2.9915924,286.1443,289.94702,0.0,0.031982422,0.9307251,0.0,29824.0,48780.0
2025-04-26 23:00:00,-3.516632,3.1625671,286.24304,290.1407,0.0030212402,0.03970337,0.7776184,0.0,122048.0,14807.0
2025-04-27 00:00:00,-3.2573853,4.7409515,286.6537,290.81738,0.04660034,0.07498169,0.7268677,0.0004749298,294208.0,-12588.0
2025-04-27 01:00:00,-2.3133698,5.5594025,286.33087,290.7516,0.054595947,0.052001953,0.50167847,0.0008325577,401408.0,-29090.0
2025-04-27 02:00:00,-1.1850281,5.4075623,286.47986,291.6964,0.47525024,0.0,0.66586304,0.00017213821,781376.0,-80408.0
2025-04-27 03:00:00,0.0143585205,5.5231476,286.01917,291.76227,0.36621094,0.027740479,0.7964783,2.670288e-05,816384.0,-158140.0
2025-04-27 04:00:00,0.4853363,4.537628,285.72852,291.57153,0.106933594,0.07443237,0.9167175,0.0,755200.0,-176602.0
2025-04-27 05:00:00,0.8584595,3.7902832,286.0822,292.50757,0.084869385,0.018127441,1.0,0.0,555904.0,-127951.0
2025-04-27 06:00:00,1.1115265,3.2519226,285.9419,292.41284,0.061340332,0.04534912,0.8640442,6.198883e-06,769344.0,-189716.0
2025-04-27 07:00:00,1.3049622,2.795929,285.72845,292.5902,0.05606079,0.0,0.6719971,0.0,1365632.0,-225742.0
2025-04-27 08:00:00,1.529129,2.2779846,286.08942,292.98706,0.12017822,0.0,0.39700317,0.0,1018432.0,-119406.0
2025-04-27 09:00:00,1.4752808,1.4363098,286.04095,293.04688,0.009063721,0.0,0.26712036,0.0,899392.0,-49824.0
2025-04-27 10:00:00,0.6786957,0.35624695,286.89807,291.43787,0.024810791,0.0,0.15002441,0.0,342144.0,34464.0
2025-04-27 11:00:00,-0.017730713,0.68670654,287.3667,291.06555,0.8808594,0.0,0.30267334,0.0,19456.0,15302.0
2025-04-27 12:00:00,-0.09968567,1.0652161,287.31378,290.5276,0.7944336,0.0,0.47610474,0.0,3.5999988e-12,20896.0
2025-04-27 13:00:00,-0.055252075,1.3873749,287.46326,290.81433,0.82714844,0.0,0.48892212,0.0,3.5999988e-12,19603.0
2025-04-27 14:00:00,0.9458313,1.1878052,287.2633,289.91248,0.62283325,0.0,0.8831482,0.0,3.5999988e-12,16009.0
2025-04-27 15:00:00,1.75177,0.2032013,287.27655,289.94128,0.6060791,0.0,0.85635376,0.0,3.5999988e-12,10864.0
2025-04-27 16:00:00,1.652008,-0.39178467,287.16235,289.71393,0.5202637,0.0,0.51467896,0.0,3.5999988e-12,13526.0
2025-04-27 17:00:00,2.0279083,-1.1066132,286.87207,289.48358,0.28356934,0.0076904297,0.22860718,0.0,3.5999988e-12,27318.0
2025-04-27 18:00:00,1.9435272,-1.6200104,286.53003,289.0807,0.03326416,0.010101318,0.08850098,0.0,3.5999988e-12,40980.0
2025-04-27 19:00:00,2.0748901,-2.2273865,286.4405,289.07507,0.0,0.09069824,0.04232788,4.7683716e-07,3.5999988e-12,72478.0
2025-04-27 20:00:00,1.7084503,-3.1352386,285.9718,288.797,0.0,0.26620483,0.0030212402,1.4305115e-06,3.5999988e-12,67072.0
2025-04-27 21:00:00,1.265625,-4.1242676,285.995,288.46326,0.0,0.5907898,0.0,9.536743e-07,3.5999988e-12,64654.0
2025-04-27 22:00:00,-0.04975891,-3.7808228,287.04388,288.8297,0.038360596,0.5001831,0.0,4.7683716e-07,70464.0,33295.0
2025-04-27 23:00:00,-0.93704224,-4.2937927,286.9765,289.35925,0.0,0.4940796,0.0,9.536743e-07,397184.0,-116286.0
2025-04-28 00:00:00,-0.9342804,-4.2272644,286.20923,289.61487,0.0,0.5826111,0.0,0.0,939648.0,-276734.0
2025-04-28 01:00:00,-0.7097931,-4.0138855,286.05496,290.18347,0.0,0.48519897,0.0,0.0,1474368.0,-438761.0
2025-04-28 02:00:00,-0.848999,-4.1403503,285.37,292.7151,0.0,0.10116577,0.0,0.0,2043904.0,-627664.0
2025-04-28 03:00:00,-0.68899536,-4.1417847,285.60675,293.59375,0.0,0.032165527,0.0,0.0,2621440.0,-765768.0
2025-04-28 04:00:00,-0.5827637,-3.9561768,286.14514,294.5017,0.0,0.0115356445,0.0,0.0,2873472.0,-803556.0
2025-04-28 05:00:00,-0.86906433,-4.139679,285.53375,295.70752,0.0,0.030792236,0.0,0.0,2895744.0,-777078.0
2025-04-28 06:00:00,-1.1487579,-4.522949,285.8781,295.73584,0.0,0.0,0.0,0.0,2693760.0,-704976.0
2025-04-28 07:00:00,-1.5975952,-4.5358124,285.9098,295.23706,0.0,0.0,0.0,0.0,2263488.0,-608558.0
2025-04-28 08:00:00,-1.8706665,-4.433777,285.5074,294.07275,0.0,0.0,0.0,0.0,1707456.0,-428190.0
2025-04-28 09:00:00,-2.1215057,-4.095459,285.38165,293.58618,0.0,0.0,0.0,0.0,1054016.0,-208723.0
2025-04-28 10:00:00,-2.190384,-2.7562714,284.899,290.6643,0.0,0.0,0.0,0.0,415104.0,-8769.0
2025-04-28 11:00:00,-2.085785,-1.9399109,285.3172,290.35608,0.0,0.0,0.0,0.0,29824.0,74924.0
2025-04-28 12:00:00,-1.8162384,-1.3553925,285.55508,289.70886,0.0,0.0,0.0,0.0,3.5999988e-12,52703.0
2025-04-28 13:00:00,-1.7808228,-0.8670807,285.54678,289.90167,0.0,0.0,0.0,0.0,3.5999988e-12,35993.0
2025-04-28 14:00:00,-1.6919708,-0.46354675,285.50198,288.47803,0.0,0.0,0.0,0.0,3.5999988e-12,28830.0
2025-04-28 15:00:00,-1.4998627,0.2189331,285.22754,287.95435,0.0,0.0,0.0,0.0,3.5999988e-12,24544.0
2025-04-28 16:00:00,-1.3968811,0.9773712,284.8164,287.39252,0.0,0.0,0.0,0.0,3.5999988e-12,7983.0
2025-04-28 17:00:00,-0.82328796,1.6459656,284.49982,286.338,0.0,0.0,0.0,0.0,3.5999988e-12,1963.0
2025-04-28 18:00:00,-0.20214844,1.7223511,284.59558,286.5265,0.0,0.0,0.0,0.0,3.5999988e-12,3444.0
2025-04-28 19:00:00,0.50979614,1.7742615,284.3777,286.00122,0.0,0.3194275,0.0,0.0,3.5999988e-12,12485.0
2025-04-28 20:00:00,0.7763672,1.5449066,284.0252,284.98242,0.0,0.43469238,0.0,0.0,3.5999988e-12,2107.0
2025-04-28 21:00:00,0.755188,1.286911,284.28052,285.22925,0.0,0.4845581,0.0,0.0,3.5999988e-12,-16912.0
2025-04-28 22:00:00,0.5267029,1.457962,285.62137,288.31683,0.0,1.0,0.0,4.7683716e-07,69376.0,-56683.0
2025-04-28 23:00:00,0.08979797,1.7255707,286.57144,288.31506,0.0,0.7915344,0.0,2.3841858e-06,359936.0,-135308.0
2025-04-29 00:00:00,-0.3216858,1.7612,286.7496,288.8322,0.12258911,0.094177246,0.0,0.0,936512.0,-271726.0
2025-04-29 01:00:00,-0.48130798,2.203125,286.16357,290.00494,0.32333374,0.0,0.0,0.0,1744384.0,-446410.0
2025-04-29 02:00:00,-0.5520325,2.3398438,285.10254,294.7578,0.9807129,0.0,0.0,0.0,2490368.0,-578729.0
2025-04-29 03:00:00,-1.02948,2.9746246,283.81238,296.29126,0.98187256,0.0,0.0,0.0,2871040.0,-625454.0
2025-04-29 04:00:00,-1.3253632,3.9613647,283.13672,296.89844,1.0,0.0,0.0,0.0,3048320.0,-644902.0
2025-04-29 05:00:00,-1.3757324,4.5268097,281.6167,298.15967,1.0,0.0,0.0,0.0,2998080.0,-624558.0
2025-04-29 06:00:00,-1.6291809,4.56279,281.19995,298.07007,0.17102051,0.0,0.0,0.0,2726272.0,-538640.0
2025-04-29 07:00:00,-2.065689,4.3817596,280.68213,297.82104,0.0,0.0,0.0,0.0,2342528.0,-409523.0
2025-04-29 08:00:00,-2.2997894,4.172653,281.49072,296.71533,0.0,0.0,0.0,0.0,1781504.0,-241477.0
2025-04-29 09:00:00,-2.077057,3.78685,283.42664,295.85864,0.0031433105,0.0,0.0,0.0,1096832.0,-64583.0
2025-04-29 10:00:00,-1.8356171,3.439972,282.51428,292.6289,0.1826477,0.0,0.0,0.0,430592.0,77024.0
2025-04-29 11:00:00,-1.9807281,3.9820862,282.79468,292.21948,0.8530884,0.0,0.0,0.0,30336.0,134889.0
2025-04-29 12:00:00,-1.8600922,4.6701965,282.50964,292.3734,0.8479004,0.0,0.0,0.0,3.5999988e-12,129122.0
2025-04-29 13:00:00,-1.8445282,5.043335,282.22656,292.59058,1.0,0.0,0.0,0.0,3.5999988e-12,160863.0
2025-04-29 14:00:00,-1.5937958,5.2598724,282.99072,291.50146,1.0,0.0,0.0,0.0,3.5999988e-12,175448.0
2025-04-29 15:00:00,-1.4109955,5.452759,283.18945,291.84064,1.0,0.0,0.009063721,0.0,3.5999988e-12,181119.0
2025-04-29 16:00:00,-1.4404755,5.4950256,283.6947,291.68774,0.9836426,0.0,0.0362854,0.0,3.5999988e-12,179491.0
2025-04-29 17:00:00,-1.4090881,5.226166,284.32288,291.0478,0.96395874,0.0,0.07775879,0.0,3.5999988e-12,169607.0
2025-04-29 18:00:00,-1.2813568,5.0979767,284.76074,291.19266,0.94281006,0.0,0.063568115,0.0,3.5999988e-12,154239.0
2025-04-29 19:00:00,-1.2081604,4.8978424,285.1399,291.1471,0.9182434,0.0,0.02999878,0.0,3.5999988e-12,128625.0
2025-04-29 20:00:00,-1.1755524,4.810074,285.60437,290.7367,0.89105225,0.0,0.09384155,0.0,3.5999988e-12,124151.0
2025-04-29 21:00:00,-1.0122833,4.737732,285.7793,290.67737,0.39587402,0.0,0.0869751,0.0,3.5999988e-12,132653.0
2025-04-29 22:00:00,-1.1108246,4.2462463,287.16565,292.75104,0.29473877,0.0,0.02758789,0.0,87936.0,103196.0
2025-04-29 23:00:00,-1.2934418,4.678314,287.1485,293.56982,0.51812744,0.0,0.07992554,0.0,550656.0,-26242.0
2025-04-30 00:00:00,-0.9082031,5.298172,286.89935,294.0575,0.62768555,0.0,0.119781494,0.0,1049664.0,-170638.0
2025-04-30 01:00:00,-0.54122925,5.4345245,286.66522,294.97388,0.9768982,0.0,0.035858154,0.0,1789504.0,-388103.0
2025-04-30 02:00:00,-0.26397705,5.2015076,287.31378,298.21655,0.9909363,0.0,0.0619812,0.0,2289024.0,-530356.0
2025-04-30 03:00:00,-0.6372833,5.136795,287.62677,298.52808,1.0,0.0,0.13272095,0.0,2673344.0,-639855.0
2025-04-30 04:00:00,-0.77565,5.284012,287.85138,298.74512,0.93292236,0.0,0.047576904,0.0,2848064.0,-676624.0
2025-04-30 05:00:00,-1.1826782,5.376663,288.16376,299.56738,0.95614624,0.0,0.041992188,0.0,2555264.0,-580046.0
2025-04-30 06:00:00,-1.3446655,5.285187,288.7301,298.74707,0.96520996,0.0,0.17575073,0.0,1565824.0,-266580.0
2025-04-30 07:00:00,-2.1555634,4.835083,289.0899,298.72046,1.0,0.0,0.1288147,0.0,1482176.0,-237633.0
2025-04-30 08:00:00,-2.3875885,4.9792633,289.4817,297.052,1.0,0.0,0.03302002,0.0,785088.0,-64066.0
2025-04-30 09:00:00,-2.5287933,5.249954,289.64575,296.7793,1.0,0.0,0.0069885254,0.0,516288.0,-24589.0
2025-04-30 10:00:00,-2.413147,5.0469513,289.32355,294.23315,1.0,0.0,0.024047852,0.0,145280.0,68302.0
2025-04-30 11:00:00,-2.1644135,5.187378,289.38422,294.15625,1.0,0.0,0.0,0.0,12480.0,96857.0
2025-04-30 12:00:00,-1.1764984,4.9952545,289.56604,294.52087,1.0,0.0,0.0,0.0,3.5999988e-12,102524.0
2025-04-30 13:00:00,0.16654968,4.2045746,289.29004,294.7124,1.0,0.0,0.0,0.0,3.5999988e-12,111115.0
2025-04-30 14:00:00,1.1279907,3.7410889,288.74652,294.31543,1.0,0.0,0.0,0.0,3.5999988e-12,124881.0
2025-04-30 15:00:00,1.7117004,3.4918518,288.1966,294.61365,1.0,0.0,0.0,0.0,3.5999988e-12,147379.0
2025-04-30 16:00:00,1.7656403,3.2867126,288.1586,294.41284,0.98687744,0.0,0.0030212402,0.0,3.5999988e-12,157017.0
2025-04-30 17:00:00,1.4645844,3.4524689,288.5502,293.80243,1.0,0.021362305,0.07891846,0.0,3.5999988e-12,139087.0
2025-04-30 18:00:00,1.2105408,3.7284393,288.85458,293.72583,0.95687866,0.07287598,0.34075928,0.0,3.5999988e-12,122741.0
2025-04-30 19:00:00,0.7254181,3.9726868,289.15366,293.68036,0.9598999,0.1822815,0.22940063,8.058548e-05,3.5999988e-12,97357.0
2025-04-30 20:00:00,0.8835907,3.727295,289.20688,293.3883,0.9768677,0.41171265,0.46463013,9.441376e-05,3.5999988e-12,84418.0
2025-04-30 21:00:00,0.81243896,3.5605774,289.08197,293.34998,0.88012695,0.6524353,0.60998535,0.00011396408,3.5999988e-12,74212.0
2025-04-30 22:00:00,1.1047363,3.101303,290.6235,294.3861,0.51119995,0.32131958,0.2111206,2.7179718e-05,46400.0,53034.0
2025-04-30 23:00:00,1.4685669,2.9721375,291.0838,294.85852,0.04534912,0.07348633,0.015106201,9.536743e-07,457984.0,-24161.0
2025-05-01 00:00:00,2.707611,2.8265839,291.00885,295.7268,0.0,0.041748047,0.0,3.33786e-06,1122432.0,-189389.0
2025-05-01 01:00:00,4.9247894,1.1677551,290.57657,296.62573,0.01876831,0.1960144,0.022613525,4.2915344e-06,1787072.0,-387845.0
2025-05-01 02:00:00,5.74794,-1.3069458,290.68295,297.50244,0.36401367,0.62524414,0.32614136,0.00027942657,1652736.0,-318106.0
2025-05-01 03:00:00,4.7604065,-1.3211212,291.19073,297.03442,0.21829224,0.08935547,0.49417114,0.00035190582,1336704.0,-241542.0
2025-05-01 04:00:00,4.7002716,-1.8101501,291.5744,298.0127,0.04437256,0.09173584,0.10745239,0.00012588501,1640512.0,-365037.0
2025-05-01 05:00:00,5.1030273,-2.6045532,290.68567,299.50854,0.07797241,0.17019653,0.17062378,0.00022983551,2446144.0,-595688.0
2025-05-01 06:00:00,4.5293274,-4.981491,290.31348,296.98755,0.26324463,0.012084961,0.4316101,0.0010180473,1611584.0,-251756.0
2025-05-01 07:00:00,0.3942871,-5.3681183,289.95093,296.87207,0.0,0.0,0.08364868,3.0994415e-05,1707456.0,-103789.0
2025-05-01 08:00:00,-2.76651,-4.8385468,287.4679,296.22437,0.0,0.0,0.0,0.0,1676544.0,-246370.0
2025-05-01 09:00:00,-3.117569,-3.40448,286.55225,295.7605,0.0,0.0,0.0,0.0,1066496.0,-171286.0
2025-05-01 10:00:00,-1.5552368,-1.9532013,285.48096,293.04224,0.0,0.0,0.0,0.0,429248.0,10844.0
2025-05-01 11:00:00,-1.5466614,-1.2618561,285.8922,292.08972,0.0,0.0,0.0,0.0,34624.0,65627.0
2025-05-01 12:00:00,-1.6879883,-0.8511658,286.31506,291.20276,0.0,0.0,0.0,0.0,3.5999988e-12,39042.0
2025-05-01 13:00:00,-1.9375916,-0.44667053,286.80933,290.63702,0.0,0.0,0.0,0.0,3.5999988e-12,23222.0
2025-05-01 14:00:00,-1.861908,-0.03501892,286.34796,289.54645,0.0,0.0,0.0,0.0,3.5999988e-12,14006.0
2025-05-01 15:00:00,-1.9310913,0.098464966,286.4955,289.9137,0.0,0.0,0.0,0.0,3.5999988e-12,14669.0
2025-05-01 16:00:00,-2.1286316,0.27061462,286.26105,289.88483,0.0,0.0,0.0,0.0,3.5999988e-12,24814.0
2025-05-01 17:00:00,-1.8141327,0.69392395,285.67627,288.89307,0.0,0.0,0.0,0.0,3.5999988e-12,31576.0
2025-05-01 18:00:00,-1.2077179,1.5124207,285.37695,288.55066,0.0,0.0,0.0,0.0,3.5999988e-12,29955.0
2025-05-01 19:00:00,-0.8024292,2.2301483,285.21503,288.21594,0.0,0.0,0.0,0.0,3.5999988e-12,58286.0
2025-05-01 20:00:00,-0.778595,2.4206238,285.15863,287.96082,0.0,0.0,0.0,0.0,3.5999988e-12,71081.0
2025-05-01 21:00:00,-0.9310913,2.7037964,284.9239,288.0421,0.0,0.0,0.0,0.0,3.5999988e-12,75399.0
2025-05-01 22:00:00,-1.4438477,2.6584473,284.9281,291.68945,0.0,0.0,0.0,0.0,106176.0,67954.0
2025-05-01 23:00:00,-1.9229279,2.8386536,283.92188,292.64392,0.0,0.0,0.0,0.0,617600.0,-33126.0
2025-05-02 00:00:00,-2.4290771,3.6819305,282.45776,293.31274,0.0,0.0,0.0,0.0,1284288.0,-183067.0
2025-05-02 01:00:00,-2.6478577,4.590851,281.63647,293.7119,0.0,0.0,0.0,0.0,1929472.0,-350171.0
2025-05-02 02:00:00,-2.529541,5.4700623,281.0952,297.05737,0.0,0.0,0.0,0.0,2468864.0,-514897.0
2025-05-02 03:00:00,-2.3439484,5.8677826,281.34644,297.26392,0.0,0.0,0.0,0.0,2846528.0,-637051.0
2025-05-02 04:00:00,-2.3009644,6.0924835,282.1856,297.41382,0.0,0.0,0.0,0.0,3022272.0,-693870.0
2025-05-02 05:00:00,-2.236023,6.2959595,282.70514,298.85986,0.0,0.0,0.0,0.0,2986176.0,-689513.0
2025-05-02 06:00:00,-2.4163666,6.092102,283.48517,298.70947,0.0,0.0,0.0,0.0,2740736.0,-625737.0
2025-05-02 07:00:00,-2.9848328,5.7260437,284.10788,298.31348,0.0,0.0,0.0,0.0,2295744.0,-493073.0
2025-05-02 08:00:00,-3.4093018,5.540024,284.46152,297.20703,0.03378296,0.0,0.0,0.0,1714368.0,-326693.0
2025-05-02 09:00:00,-3.39003,5.47287,284.70416,296.28906,0.25369263,0.0,0.0,0.0,1053632.0,-132331.0
2025-05-02 10:00:00,-3.2182617,5.8771973,286.31482,294.20984,0.29486084,0.0,0.0,0.0,420352.0,55621.0
2025-05-02 11:00:00,-3.040985,6.5455475,286.8183,294.3186,0.6026306,0.0,0.0,0.0,34496.0,169739.0
2025-05-02 12:00:00,-2.510315,7.2671356,287.55835,294.43372,0.97927856,0.0,0.0,0.0,3.5999988e-12,193193.0
2025-05-02 13:00:00,-1.6596527,7.6957855,287.81766,294.55127,0.9607239,0.0,0.0,0.0,3.5999988e-12,211821.0
2025-05-02 14:00:00,-0.9635315,7.713974,288.30902,294.07935,0.9608154,0.0,0.0,0.0,3.5999988e-12,214303.0
2025-05-02 15:00:00,-0.38726807,7.2799377,288.70166,294.24646,1.0,0.0,0.0,0.0,3.5999988e-12,212163.0
2025-05-02 16:00:00,0.29608154,6.7938843,288.57248,294.24194,1.0,0.0,0.0,0.0,3.5999988e-12,210189.0
2025-05-02 17:00:00,0.7584076,6.2131042,288.5622,293.77112,1.0,0.0,0.0,0.0,3.5999988e-12,202778.0
2025-05-02 18:00:00,1.035965,5.4852295,288.31335,293.81274,0.9937439,0.0,0.0,0.0,3.5999988e-12,203111.0
2025-05-02 19:00:00,1.2688293,4.979431,287.97595,293.62494,0.97979736,0.0,0.0,0.0,3.5999988e-12,164681.0
2025-05-02 20:00:00,1.5878754,4.65625,288.02582,293.3319,0.96292114,0.0,0.0,0.0,3.5999988e-12,167031.0
2025-05-02 21:00:00,1.7720642,4.4177704,288.11127,293.35004,0.94906616,0.0,0.0,0.0,3.5999988e-12,173926.0
2025-05-02 22:00:00,2.236206,3.0636292,288.5336,294.6949,1.0,0.0,0.0,0.0,91648.0,142200.0
2025-05-02 23:00:00,2.431366,3.0798798,288.82434,295.8379,0.9767761,0.0,0.0,0.0,511104.0,32734.0
2025-05-03 00:00:00,2.9996948,1.9356384,289.18707,297.63965,0.9351196,0.0,0.0,0.0,1145216.0,-121917.0
2025-05-03 01:00:00,3.702942,-1.5895538,290.0282,299.08276,0.54556274,0.0,0.0,0.0,1749952.0,-258059.0
2025-05-03 02:00:00,1.4547119,-6.721863,289.16003,299.58862,0.94259644,0.17184448,0.0,0.0,2262208.0,-418774.0
2025-05-03 03:00:00,-1.0373383,-7.9849396,289.33252,297.43896,0.98605347,0.07861328,0.017089844,0.0,2606976.0,-710219.0
2025-05-03 04:00:00,-1.0213623,-7.5207367,288.00098,295.30005,0.8783264,0.0,0.09396362,0.0,2700864.0,-983909.0
2025-05-03 05:00:00,-0.76872253,-7.642624,286.46326,295.18872,0.6980896,0.0,0.25476074,0.0,2760320.0,-1073221.0
2025-05-03 06:00:00,-0.9845886,-8.004654,285.51453,294.6538,0.12451172,0.0,0.23110962,0.0,2535040.0,-973921.0
2025-05-03 07:00:00,-1.1890717,-7.7106476,284.63354,294.37793,0.024505615,0.0,0.18066406,4.7683716e-07,2025728.0,-809265.0
2025-05-03 08:00:00,-1.2888947,-7.0487213,283.36084,292.95654,0.2593689,0.0,0.17770386,0.0,1502592.0,-579861.0
2025-05-03 09:00:00,-1.291626,-6.2562866,283.57043,292.35303,0.35568237,0.0,0.21499634,0.00021600723,958592.0,-325389.0
2025-05-03 10:00:00,-1.0650787,-4.393463,283.88306,290.06384,0.44973755,0.0,0.15527344,0.0001487732,365120.0,-54916.0
2025-05-03 11:00:00,-1.5199432,-4.330002,284.1944,289.96637,0.23828125,0.0,0.2374878,0.0,24960.0,21537.0
2025-05-03 12:00:00,-1.9646912,-4.0367737,284.33807,289.97534,0.35229492,0.02279663,0.09927368,0.0,3.5999988e-12,29896.0
2025-05-03 13:00:00,-2.253952,-3.2142944,284.5461,289.81488,0.2071228,0.0115356445,0.1991272,0.0,3.5999988e-12,40492.0
2025-05-03 14:00:00,-2.6138458,-2.5451355,283.84106,288.73743,0.51779175,0.0,0.395813,0.0,3.5999988e-12,30226.0
2025-05-03 15:00:00,-2.7698517,-2.7770233,283.66266,288.82623,0.8494568,0.0,0.2980957,0.0,3.5999988e-12,32741.0
2025-05-03 16:00:00,-2.509613,-2.210205,283.71167,288.8056,0.9809265,0.0,0.33703613,0.0,3.5999988e-12,45950.0
2025-05-03 17:00:00,-2.4894562,-1.7423706,283.42584,288.5971,0.9397583,0.0,0.29327393,0.0,3.5999988e-12,36888.0
2025-05-03 18:00:00,-2.3799438,-1.2593689,283.38858,288.84827,0.8545532,0.0,0.29229736,0.0,3.5999988e-12,33150.0
2025-05-03 19:00:00,-2.6056213,-0.7834625,283.16733,288.84448,0.8519287,0.0,0.50790405,0.0,3.5999988e-12,10687.0
2025-05-03 20:00:00,-2.754364,-0.56321716,283.13303,288.9281,0.48831177,0.0,0.7792969,0.0,3.5999988e-12,14383.0
2025-05-03 21:00:00,-3.0647278,-0.36647034,282.99057,288.85352,0.3999939,0.0,0.69873047,0.0,3.5999988e-12,11004.0
2025-05-03 22:00:00,-3.265396,-0.2584381,281.42493,290.61346,0.31143188,0.0,0.30947876,0.0,66048.0,25112.0
2025-05-03 23:00:00,-4.106201,0.8516083,280.32086,290.7672,0.47857666,0.0,0.1456604,0.0,470720.0,-83244.0
2025-05-04 00:00:00,-4.5539856,1.8848419,279.6621,290.83545,0.3612976,0.0,0.15246582,0.0,906752.0,-222231.0
2025-05-04 01:00:00,-4.752014,2.128296,279.64423,290.87854,0.6616516,0.012298584,0.16152954,0.0,1193152.0,-325262.0
2025-05-04 02:00:00,-4.833908,1.9791565,278.5039,292.55737,0.8682556,0.0060424805,0.08300781,0.0,1993600.0,-631267.0
2025-05-04 03:00:00,-5.122772,1.6751556,278.2859,293.0122,0.8580322,0.009063721,0.05697632,0.0,2500928.0,-816099.0
2025-05-04 04:00:00,-5.234131,1.7633209,277.9746,292.75146,0.9807129,0.0060424805,0.019989014,0.0,2733376.0,-922147.0
2025-05-04 05:00:00,-5.1253815,2.1371765,278.90466,293.37146,1.0,0.039611816,0.10144043,0.0,2815616.0,-971945.0
2025-05-04 06:00:00,-5.2951355,2.311264,279.1444,293.07886,1.0,0.012084961,0.0038452148,0.0,2433472.0,-842722.0
2025-05-04 07:00:00,-5.146576,2.7580109,279.24988,292.80774,1.0,0.024780273,0.03466797,0.0,1847936.0,-637940.0
2025-05-04 08:00:00,-5.358734,3.1269226,279.6394,291.47717,0.9689636,0.0,0.0,0.0,1562880.0,-524137.0
2025-05-04 09:00:00,-4.973709,3.4286804,280.36365,291.1693,0.98605347,0.0,0.009063721,0.0,882112.0,-265152.0
2025-05-04 10:00:00,-4.0585175,3.1873932,281.3802,289.48795,0.9773865,0.0,0.0,0.0,319936.0,-60660.0
2025-05-04 11:00:00,-4.1042175,3.41333,281.8537,289.45187,0.9435425,0.012084961,0.0,0.0,32256.0,50569.0
2025-05-04 12:00:00,-4.1684723,3.7085876,282.50446,289.70038,0.37872314,0.02999878,0.0,0.0,3.5999988e-12,75218.0
2025-05-04 13:00:00,-4.0688934,3.7467651,283.03253,289.76672,0.72698975,0.021453857,0.0,0.0,3.5999988e-12,82363.0
2025-05-04 14:00:00,-3.9774323,4.107254,284.33417,289.48233,0.882843,0.0038452148,0.05609131,0.0,3.5999988e-12,83909.0
2025-05-04 15:00:00,-3.5522003,4.3219604,284.79486,289.58136,0.6951599,0.036254883,0.03543091,0.0,3.5999988e-12,93767.0
2025-05-04 16:00:00,-3.4556122,4.5779724,285.3803,289.7773,0.93304443,0.0030212402,0.08868408,0.0,3.5999988e-12,93278.0
2025-05-04 17:00:00,-3.5140839,5.203125,286.80832,289.70877,0.9831238,0.0,0.35830688,0.0,3.5999988e-12,90382.0
2025-05-04 18:00:00,-2.9379425,5.783188,286.90958,289.85568,1.0,0.0,0.42367554,0.0,3.5999988e-12,86845.0
2025-05-04 19:00:00,-2.6784668,5.4463806,287.10492,290.25494,1.0,0.027496338,0.75357056,0.001054287,3.5999988e-12,128281.0
2025-05-04 20:00:00,-2.8621674,5.3472443,288.39795,290.04993,0.9937439,0.032165527,0.7998047,0.0006918907,3.5999988e-12,143407.0
2025-05-04 21:00:00,-2.941101,5.378662,288.38348,289.97897,1.0,0.0115356445,0.7243347,0.0013427734,3.5999988e-12,135458.0
2025-05-04 22:00:00,-2.4069214,4.6262817,288.6211,290.30603,1.0,0.0031433105,0.68652344,0.003033638,23744.0,116235.0
2025-05-04 23:00:00,-2.5215454,4.5121765,288.76007,290.345,1.0,0.0069885254,1.0,0.0021209717,122176.0,79830.0
2025-05-05 00:00:00,-2.438095,4.528473,288.91632,289.91968,1.0,0.3774109,1.0,0.0031986237,183360.0,49700.0
2025-05-05 01:00:00,-1.9847717,4.601486,288.95782,289.79517,0.9762573,0.87298584,1.0,0.004485607,149824.0,33999.0
2025-05-05 02:00:00,-1.9202423,4.641098,289.34088,289.9407,0.9221802,1.0,0.9473572,0.004805565,212864.0,11152.0
2025-05-05 03:00:00,-1.6256104,3.2191925,289.29828,289.46173,0.8942261,1.0,1.0,0.0038805008,228928.0,-2328.0
2025-05-05 04:00:00,-1.517273,2.1169739,289.18597,289.3552,0.84646606,1.0,0.9923096,0.002687931,174976.0,-1267.0
2025-05-05 05:00:00,-1.7926636,1.157196,290.0122,290.34326,0.8216553,0.93795776,0.6552429,0.0022416115,210368.0,-14920.0
2025-05-05 06:00:00,-0.48310852,1.106842,289.9768,290.74414,0.18823242,0.92440796,0.08026123,0.0004544258,484800.0,-66872.0
2025-05-05 07:00:00,3.1342468,-1.4230042,290.42578,291.9574,0.0,0.96673584,0.24655151,8.392334e-05,1132480.0,-183473.0
2025-05-05 08:00:00,3.0715637,-3.3362122,290.1017,292.06042,0.0,1.0,0.18243408,4.339218e-05,563328.0,-36623.0
2025-05-05 09:00:00,2.5633087,-3.8767548,289.85236,291.62537,0.014678955,0.9817505,0.0,9.536743e-07,408000.0,-14164.0
2025-05-05 10:00:00,2.4778442,-3.1472015,290.1443,292.20007,0.0,0.96295166,0.0,0.0,227776.0,30536.0
2025-05-05 11:00:00,2.4311066,-2.9016266,289.81647,291.69855,0.7993469,1.0,0.0,0.0,23872.0,75150.0
2025-05-05 12:00:00,2.6063385,-2.8246613,289.85406,292.0044,0.98010254,1.0,0.0,2.861023e-06,3.5999988e-12,59375.0
2025-05-05 13:00:00,2.8311005,-2.6833801,289.6554,292.35693,0.69329834,1.0,0.0,1.9073486e-06,3.5999988e-12,45949.0
2025-05-05 14:00:00,2.1855469,-2.6949005,289.41833,292.1303,0.100860596,0.7981262,0.0,0.0,3.5999988e-12,45733.0
2025-05-05 15:00:00,1.1028442,-1.8251495,289.2379,292.09998,0.11654663,0.3107605,0.0,0.0,3.5999988e-12,43848.0
2025-05-05 16:00:00,1.4101257,-1.1134491,289.03546,291.49884,0.08547974,0.07583618,0.0,0.0,3.5999988e-12,45900.0
2025-05-05 17:00:00,1.6213989,-0.54486084,288.5774,290.24017,0.0,0.13491821,0.0,0.0,3.5999988e-12,44416.0
2025-05-05 18:00:00,1.9504547,-0.26776123,288.15472,289.74097,0.051483154,0.12927246,0.0,0.0,3.5999988e-12,50178.0
2025-05-05 19:00:00,1.8950958,-0.0206604,287.92963,289.5249,0.02722168,0.019989014,0.0,0.0,3.5999988e-12,36586.0
2025-05-05 20:00:00,1.6927185,0.28269958,287.75067,289.16925,0.0,0.01626587,0.0,0.0,3.5999988e-12,26506.0
2025-05-05 21:00:00,1.7398529,0.5428772,287.75287,288.93323,0.06652832,0.02709961,0.0,0.0,3.5999988e-12,28944.0
2025-05-05 22:00:00,2.2984009,1.2280273,288.64673,291.03717,0.0,0.0030212402,0.0,0.0,113408.0,21755.0
2025-05-05 23:00:00,2.456604,0.820755,289.252,291.71204,0.018127441,0.0,0.0,0.0,607488.0,-60441.0
2025-05-06 00:00:00,3.615036,0.54907227,289.52496,292.59045,0.10583496,0.0,0.0,0.0,1253440.0,-197968.0
2025-05-06 01:00:00,4.6950226,0.40176392,290.2212,293.72778,0.0,0.0,0.0,0.0,1880448.0,-352827.0
2025-05-06 02:00:00,6.385956,-1.2805634,289.70294,296.89307,0.015106201,0.1937561,0.0,0.0,2409024.0,-462642.0
2025-05-06 03:00:00,6.531296,-2.2217865,289.88574,298.4298,0.0,0.29974365,0.0,0.0,2755264.0,-512747.0
2025-05-06 04:00:00,6.1359863,-2.9200897,289.4209,298.656,0.04534912,0.21063232,0.0,1.9073486e-05,2923328.0,-517382.0
2025-05-06 05:00:00,5.4074554,-3.7633972,287.8181,299.3014,0.0513916,0.106414795,0.0,2.861023e-06,2798912.0,-438506.0
2025-05-06 06:00:00,3.694275,-4.830139,285.5542,299.3943,0.48046875,0.023101807,0.032470703,0.0,2380480.0,-247141.0
2025-05-06 07:00:00,-0.45014954,-5.2369843,284.00403,299.1604,0.8829651,0.006866455,0.025390625,0.0,2204160.0,-253992.0
2025-05-06 08:00:00,-3.466858,-4.974121,284.76697,297.94263,0.9838562,0.08288574,0.02999878,0.0,1519104.0,-281509.0
2025-05-06 09:00:00,-3.5796204,-4.281906,286.8496,296.0879,1.0,0.07470703,0.020935059,0.0,942400.0,-269636.0
2025-05-06 10:00:00,-3.7396545,-2.7132874,286.87585,291.4536,1.0,0.009063721,0.0,0.0,358720.0,-68529.0
2025-05-06 11:00:00,-3.3211365,-2.0814362,286.4566,291.3933,1.0,0.030761719,0.016967773,0.0,35456.0,38140.0
2025-05-06 12:00:00,-3.3854218,-1.3072357,285.9837,291.1234,1.0,0.06472778,0.01852417,0.0,3.5999988e-12,55152.0
2025-05-06 13:00:00,-3.266922,-0.8092346,286.15845,291.08405,1.0,0.06958008,0.0,0.0,3.5999988e-12,53222.0
2025-05-06 14:00:00,-3.3198547,-0.44285583,286.59683,289.94757,1.0,0.013122559,0.0,0.0,3.5999988e-12,46836.0
2025-05-06 15:00:00,-3.0805206,-0.31324768,286.5702,290.13885,1.0,0.023956299,0.0,0.0,3.5999988e-12,35195.0
2025-05-06 16:00:00,-2.6351013,0.026123047,286.6402,290.04895,0.9930115,0.010009766,0.0,0.0,3.5999988e-12,32337.0
2025-05-06 17:00:00,-1.5682526,1.1774902,286.44016,289.2256,0.7562561,0.0154418945,0.0,0.0,3.5999988e-12,26030.0
2025-05-06 18:00:00,-1.1316833,1.4902039,286.35107,288.9004,0.95196533,0.012298584,0.0,0.0,3.5999988e-12,17534.0
2025-05-06 19:00:00,-1.0681,1.3542938,286.2248,289.01044,0.8614502,0.0030212402,0.0030212402,0.0,3.5999988e-12,17397.0
2025-05-06 20:00:00,-0.9454346,1.1525269,285.9333,288.04736,0.02722168,0.0,0.0030212402,0.0,3.5999988e-12,18063.0
2025-05-06 21:00:00,-1.0116119,0.9210968,286.04333,288.2047,0.10946655,0.0,0.0,0.0,3.5999988e-12,10665.0
2025-05-06 22:00:00,-1.4311676,0.82385254,286.903,290.94873,0.0,0.0,0.0,0.0,117504.0,7039.0
2025-05-06 23:00:00,-1.9632568,0.9666443,286.69952,292.04712,0.0,0.0,0.0,0.0,611328.0,-82827.0
2025-05-07 00:00:00,-2.4498901,1.1344604,285.98422,292.7307,0.0,0.0,0.0,0.0,1275840.0,-246152.0
2025-05-07 01:00:00,-2.6540222,1.4061279,285.48877,293.10645,0.08465576,0.0,0.0,0.0,1912768.0,-409572.0
2025-05-07 02:00:00,-2.799408,1.6833801,285.8595,295.57104,0.0030212402,0.0,0.0,0.0,2445440.0,-559044.0
2025-05-07 03:00:00,-2.834259,1.7556152,286.2328,295.80542,0.03930664,0.0,0.0,0.0,2824576.0,-660833.0
2025-05-07 04:00:00,-2.921173,1.4617004,286.5227,295.95142,0.26419067,0.0,0.0,0.0,3009664.0,-713159.0
2025-05-07 05:00:00,-3.4047241,1.6554413,286.84842,296.70654,0.17068481,0.0,0.0,0.0,2973184.0,-723681.0
2025-05-07 06:00:00,-4.130783,2.168045,286.80484,296.57007,0.06347656,0.0,0.0,0.0,2719616.0,-696848.0
2025-05-07 07:00:00,-4.707672,2.3667297,286.68185,296.0996,0.04232788,0.0,0.0,0.0,2302720.0,-589040.0
2025-05-07 08:00:00,-5.0678253,2.1561737,285.98456,294.45752,0.03326416,0.0,0.0,0.0,1738944.0,-435297.0
2025-05-07 09:00:00,-4.9717865,2.039627,286.00537,293.95227,0.06954956,0.0030212402,0.0,0.0,1079360.0,-226119.0
2025-05-07 10:00:00,-4.217041,1.413681,286.00574,291.2473,0.20379639,0.0,0.0,0.0,450432.0,-36821.0
2025-05-07 11:00:00,-4.2966614,1.5753784,286.51764,290.8283,0.5305481,0.0030212402,0.0,0.0,43392.0,71465.0
2025-05-07 12:00:00,-4.218994,2.4502106,286.59607,290.8593,0.7479553,0.024169922,0.0,0.0,3.5999988e-12,88480.0
2025-05-07 13:00:00,-3.8821106,3.1371307,286.44354,290.86267,0.7850647,0.07836914,0.0,0.0,3.5999988e-12,96054.0
2025-05-07 14:00:00,-3.6127777,3.3907776,286.2652,290.4406,0.7238159,0.025115967,0.0,0.0,3.5999988e-12,104063.0
2025-05-07 15:00:00,-3.5217438,3.602829,286.04822,290.37946,0.90322876,0.027526855,0.0,0.0,3.5999988e-12,110062.0
2025-05-07 16:00:00,-3.30365,3.884262,286.02777,290.58533,0.97772217,0.24417114,0.0,0.0,3.5999988e-12,112643.0
2025-05-07 17:00:00,-3.0888367,3.5449982,286.20874,290.2602,0.9830322,0.2215271,0.0,0.0,3.5999988e-12,106927.0
2025-05-07 18:00:00,-3.4511871,3.2904205,286.30493,290.36182,0.94451904,0.21234131,0.0,0.0,3.5999988e-12,100356.0
2025-05-07 19:00:00,-3.778473,3.1509552,286.45667,290.3769,0.9028015,0.16192627,0.0,0.0,3.5999988e-12,96417.0
2025-05-07 20:00:00,-3.826538,3.4500885,287.08765,290.37924,0.94281006,0.026977539,0.0,0.0,3.5999988e-12,102015.0
2025-05-07 21:00:00,-3.707138,3.905365,287.28705,290.3842,0.58966064,0.050628662,0.0,0.0,3.5999988e-12,111861.0
2025-05-07 22:00:00,-3.7222595,3.5147858,288.26324,292.07367,0.64004517,0.010009766,0.0,0.0,119360.0,78518.0
2025-05-07 23:00:00,-4.3957825,3.9770355,288.31598,292.60468,0.91726685,0.01626587,0.0,0.0,617472.0,-80916.0
2025-05-08 00:00:00,-4.8381195,4.7211304,288.2226,292.88354,0.9793701,0.0,0.0,0.0,1197568.0,-285035.0
2025-05-08 01:00:00,-5.0075226,5.299652,288.39484,293.41638,1.0,0.015625,0.13674927,0.0,1852160.0,-521886.0
2025-05-08 02:00:00,-5.7272644,5.228424,288.96326,294.4497,1.0,0.0093688965,0.030792236,0.0,2332288.0,-708389.0
2025-05-08 03:00:00,-5.48349,5.8901825,288.98688,294.70605,1.0,0.025939941,0.09170532,8.2969666e-05,2386496.0,-717362.0
2025-05-08 04:00:00,-5.217743,5.8335266,288.90704,293.86914,1.0,0.03314209,0.77111816,0.000620842,1929472.0,-498610.0
2025-05-08 05:00:00,-5.1747284,5.2216187,289.09235,291.84967,1.0,0.024047852,1.0,0.0014424324,1003712.0,-174151.0
2025-05-08 06:00:00,-5.634552,5.5690765,289.3343,291.35596,1.0,0.01083374,1.0,0.0020551682,860864.0,-32519.0
2025-05-08 07:00:00,-5.974869,5.8917847,289.12823,290.79163,1.0,0.013946533,1.0,0.002233982,214336.0,160680.0
2025-05-08 08:00:00,-6.795532,5.719345,288.53564,290.20898,1.0,0.22497559,1.0,0.0029039383,132864.0,187077.0
2025-05-08 09:00:00,-7.501419,5.765976,288.60645,290.19565,1.0,0.7904358,0.9725952,0.0028233528,66752.0,215643.0
2025-05-08 10:00:00,-7.119171,5.2682343,288.67645,290.23062,1.0,0.6498718,0.9379883,0.0027489662,35136.0,230503.0
2025-05-08 11:00:00,-7.4046936,5.3634644,289.17523,290.35867,1.0,1.0,0.844574,0.003431797,2880.0,220288.0
2025-05-08 12:00:00,-6.9149475,6.172287,289.68536,290.89923,1.0,1.0,0.84432983,0.0027861595,3.5999988e-12,215171.0
2025-05-08 13:00:00,-5.4043274,7.461731,290.2185,291.26877,1.0,1.0,0.9353943,0.0031995773,3.5999988e-12,217487.0
2025-05-08 14:00:00,-4.9071198,8.413467,291.35583,292.4632,1.0,1.0,0.81469727,0.0022468567,3.5999988e-12,210752.0
2025-05-08 15:00:00,-3.585968,8.606369,291.8897,292.85016,0.89263916,1.0,0.7356262,0.00093746185,3.5999988e-12,207559.0
2025-05-08 16:00:00,-2.086792,7.750519,292.4242,293.21753,0.27908325,0.9906311,0.75805664,0.0008068085,3.5999988e-12,205918.0
2025-05-08 17:00:00,-0.5892792,7.2091217,293.2464,293.88043,0.18847656,0.48770142,0.3496704,0.00018501282,3.5999988e-12,204261.0
2025-05-08 18:00:00,0.8466797,6.8641663,293.35712,294.04565,0.8878479,0.21420288,0.18218994,0.00019741058,3.5999988e-12,206296.0
2025-05-08 19:00:00,1.5477753,5.8990326,293.23248,294.0328,0.46047974,0.12097168,0.40286255,2.336502e-05,3.5999988e-12,179728.0
2025-05-08 20:00:00,1.6803741,4.697632,293.37128,294.21805,0.9607544,0.37231445,0.45321655,0.00078201294,3.5999988e-12,161348.0
2025-05-08 21:00:00,1.6285706,3.673523,293.34045,294.30414,1.0,0.542572,0.73306274,0.0014295578,3.5999988e-12,118215.0
2025-05-08 22:00:00,3.5464325,1.0440063,293.5178,294.34866,1.0,0.52697754,1.0,0.0038108826,31616.0,74889.0
2025-05-08 23:00:00,3.1243591,1.473526,293.37518,294.21924,1.0,0.09866333,0.85565186,0.0062537193,32896.0,73990.0
2025-05-09 00:00:00,4.8998566,1.2400055,293.13858,294.25214,0.9060364,0.12161255,0.8730774,0.0016899109,147392.0,93213.0
2025-05-09 01:00:00,6.631378,0.710495,292.6519,294.3147,1.0,0.2814026,0.60772705,2.193451e-05,421888.0,73927.0
2025-05-09 02:00:00,7.577347,0.25810242,290.7881,294.8504,1.0,0.23977661,0.31573486,0.0,903488.0,-77835.0
2025-05-09 03:00:00,7.597992,0.29154968,290.31802,294.5697,1.0,0.091430664,0.13391113,0.0,596864.0,-24950.0
2025-05-09 04:00:00,8.432541,-0.18548584,289.95544,294.4372,1.0,0.20046997,0.08630371,0.0,599488.0,-43240.0
2025-05-09 05:00:00,8.815353,-0.7374573,289.10095,294.7588,1.0,0.046905518,0.006866455,0.0,855040.0,-111350.0
2025-05-09 06:00:00,9.081192,-1.1971893,288.98328,295.63428,0.91897583,0.07965088,0.0,0.0,1639552.0,-308493.0
2025-05-09 07:00:00,8.888107,-1.7988892,289.1316,296.0475,0.9627991,0.0,0.0,0.0,1983552.0,-340096.0
2025-05-09 08:00:00,8.187958,-1.9825897,288.38458,296.22815,0.9572754,0.0,0.0,0.0,1582528.0,-158432.0
2025-05-09 09:00:00,6.8744507,-1.6811371,288.1997,296.0586,0.8175659,0.0,0.0,0.0,1015040.0,48957.0
2025-05-09 10:00:00,6.2201385,-2.0796509,287.81085,294.72375,0.7199402,0.0,0.0,0.0,427200.0,185336.0
2025-05-09 11:00:00,4.867325,-2.0635223,287.48172,294.81555,0.393219,0.0,0.0,0.0,45440.0,229129.0
2025-05-09 12:00:00,3.8095856,-1.9190216,287.81027,294.46143,0.21212769,0.0,0.0,0.0,3.5999988e-12,192734.0
2025-05-09 13:00:00,2.4828491,-1.3115234,288.15063,293.8081,0.096191406,0.0062561035,0.0,0.0,3.5999988e-12,132262.0
2025-05-09 14:00:00,1.3896942,-1.4927826,288.43518,291.8775,0.012084961,0.0031433105,0.0,0.0,3.5999988e-12,74857.0
2025-05-09 15:00:00,0.5890045,-1.6770172,288.86102,291.64648,0.0,0.0069885254,0.0,0.0,3.5999988e-12,46632.0
2025-05-09 16:00:00,-0.46369934,-0.881485,289.08197,291.76263,0.0,0.0,0.0,0.0,3.5999988e-12,28207.0
2025-05-09 17:00:00,-0.82618713,0.89268494,288.98297,290.53882,0.0,0.0,0.0675354,0.0,3.5999988e-12,15122.0
2025-05-09 18:00:00,-0.21133423,1.4021454,288.95264,290.87128,0.0,0.025115967,0.20755005,0.0,3.5999988e-12,9728.0
2025-05-09 19:00:00,1.227768,1.9277191,288.48505,290.67804,0.0,0.0,0.13916016,0.0,3.5999988e-12,23917.0
2025-05-09 20:00:00,3.214386,1.668045,288.20718,291.2478,0.0,0.0,0.02279663,0.0,3.5999988e-12,80063.0
2025-05-09 21:00:00,4.1657715,1.2775574,288.39053,291.43762,0.0,0.0,0.0,0.0,3.5999988e-12,143224.0
2025-05-09 22:00:00,4.039154,0.5547638,288.79187,293.93225,0.02331543,0.0,0.0,0.0,136256.0,136755.0
2025-05-09 23:00:00,4.7911377,0.15545654,287.59363,294.57166,0.050109863,0.0,0.0,0.0,663296.0,22872.0
2025-05-10 00:00:00,5.4071045,-0.31604004,285.9408,294.94263,0.0,0.0,0.0,0.0,1322624.0,-122333.0
2025-05-10 01:00:00,6.354599,-2.430893,284.96277,295.40112,0.0,0.0,0.0,0.0,1956032.0,-266979.0
2025-05-10 02:00:00,5.812378,-2.9211426,283.45154,296.63733,0.0,0.0,0.0,0.0,2477056.0,-422945.0
2025-05-10 03:00:00,5.7677307,-2.3652496,283.56104,296.77905,0.0,0.1204834,0.017089844,0.0,2837760.0,-530271.0
2025-05-10 04:00:00,6.933304,-2.7195435,283.6129,296.97607,0.060150146,0.25982666,0.33828735,0.0,2959360.0,-569776.0
2025-05-10 05:00:00,6.594986,-3.2222137,283.27283,296.99084,0.32434082,0.40637207,0.76223755,0.0,2323712.0,-376623.0
2025-05-10 06:00:00,6.0984955,-3.2541199,283.60205,296.56494,0.29714966,0.52127075,0.88861084,1.2397766e-05,1843840.0,-254883.0
2025-05-10 07:00:00,5.4415894,-3.54451,283.93665,296.4132,0.0031433105,0.3211975,0.67303467,9.536743e-07,1227328.0,-131205.0
2025-05-10 08:00:00,4.8728943,-3.7546234,284.1748,295.1797,0.0031433105,0.3145752,0.64712524,1.5258789e-05,1352640.0,-137817.0
2025-05-10 09:00:00,3.1014404,-3.1544037,284.01465,294.9663,0.9968567,0.4212036,0.59536743,7.1525574e-06,619072.0,25760.0
2025-05-10 10:00:00,1.5497589,-1.6569366,285.08777,293.40332,0.98999023,0.22088623,0.86395264,1.9073486e-06,297216.0,71265.0
2025-05-10 11:00:00,1.0523376,-1.6395264,285.35382,293.05615,0.99697876,0.1529541,0.9779968,1.2397766e-05,30208.0,69468.0
2025-05-10 12:00:00,0.42251587,-1.602951,285.71613,292.68982,0.9620056,0.13449097,0.9450989,5.2452087e-06,3.5999988e-12,48439.0
2025-05-10 13:00:00,0.003692627,-0.8722229,285.99048,292.53937,1.0,0.10757446,0.21044922,3.33786e-05,3.5999988e-12,22983.0
2025-05-10 14:00:00,1.1554413,-0.92588806,285.9654,291.66595,1.0,0.15457153,0.54122925,4.9591064e-05,3.5999988e-12,21848.0
2025-05-10 15:00:00,1.741806,-1.0495148,286.13763,291.30536,1.0,0.18933105,0.502594,4.4822693e-05,3.5999988e-12,21609.0
2025-05-10 16:00:00,1.6685486,-0.84187317,286.11786,291.47003,1.0,0.18215942,0.88082886,7.6293945e-06,3.5999988e-12,20907.0
2025-05-10 17:00:00,1.9563599,-0.27676392,286.0733,290.6627,1.0,0.2135315,0.9714966,1.6212463e-05,3.5999988e-12,29100.0
2025-05-10 18:00:00,2.086029,-0.13957214,286.07526,290.63455,0.9779053,0.15194702,0.95751953,0.0,3.5999988e-12,30241.0
2025-05-10 19:00:00,2.3242645,0.11659241,286.0216,290.66776,1.0,0.08810425,0.9497986,6.67572e-06,3.5999988e-12,29388.0
2025-05-10 20:00:00,2.585678,0.42504883,286.12225,290.35675,1.0,0.046051025,0.9768677,0.0,3.5999988e-12,29646.0
2025-05-10 21:00:00,2.824295,0.44459534,286.0747,290.21716,1.0,0.09249878,1.0,0.0,3.5999988e-12,33400.0
2025-05-10 22:00:00,2.5045013,0.22555542,286.06744,291.37366,0.9299927,0.070007324,0.5475464,4.7683716e-07,25664.0,34721.0
2025-05-10 23:00:00,2.30484,0.3030243,286.14825,291.46783,0.48413086,0.0093688965,0.05001831,0.0,185472.0,13637.0
2025-05-11 00:00:00,3.4619293,0.48597717,285.797,292.25043,0.07424927,0.010009766,0.013031006,2.861023e-06,966976.0,-138941.0
2025-05-11 01:00:00,4.33786,-0.35173035,284.69843,292.6447,0.018249512,0.100128174,0.25143433,6.4373016e-05,1657280.0,-285430.0
2025-05-11 02:00:00,4.1864014,-1.0227814,282.729,294.82373,0.14221191,0.0069885254,0.124176025,6.67572e-06,2087424.0,-373080.0
2025-05-11 03:00:00,3.811432,-1.1160736,282.5929,295.70544,0.121917725,0.04220581,0.109191895,0.0,2689088.0,-491759.0
2025-05-11 04:00:00,3.8412018,-0.9608917,282.24353,295.94885,0.033843994,0.051116943,0.12124634,0.0,2813504.0,-481886.0
2025-05-11 05:00:00,3.9970856,-0.82025146,281.79944,297.6194,0.0,0.040161133,0.04510498,0.0,2728832.0,-433295.0
2025-05-11 06:00:00,4.268524,-0.63986206,281.72754,297.97632,0.0,0.0038452148,0.08969116,9.536743e-07,2627776.0,-378753.0
2025-05-11 07:00:00,4.270096,-0.3330078,281.54065,297.8556,0.0,0.015411377,0.06384277,0.0,2210496.0,-241135.0
2025-05-11 08:00:00,4.222931,-0.54034424,281.1482,297.9806,0.0,0.0,0.18664551,0.0,1685632.0,-79777.0
2025-05-11 09:00:00,2.6786804,-0.05155945,282.14087,297.72766,0.01373291,0.0062561035,0.085998535,0.0,1058752.0,54383.0
2025-05-11 10:00:00,1.9421844,0.4662323,284.6189,294.3286,0.07861328,0.0,0.07977295,0.0,475456.0,71647.0
2025-05-11 11:00:00,1.5961151,1.6295166,285.09106,292.2245,0.012084961,0.0060424805,0.051757812,0.0,53376.0,39843.0
2025-05-11 12:00:00,1.2988739,1.6104126,285.16455,291.9029,0.0,0.0,0.0,0.0,3.5999988e-12,44227.0
2025-05-11 13:00:00,1.0450592,1.8245697,285.45105,291.3711,0.0,0.0,0.0,0.0,3.5999988e-12,49977.0
2025-05-11 14:00:00,1.0883179,2.15654,284.98584,290.40204,0.0,0.0,0.0,0.0,3.5999988e-12,58701.0
2025-05-11 15:00:00,1.0417786,2.370453,285.15833,290.62646,0.0,0.0,0.0,0.0,3.5999988e-12,74763.0
2025-05-11 16:00:00,0.8921051,2.6855774,285.2898,291.02283,0.0,0.0,0.0,0.0,3.5999988e-12,86957.0
2025-05-11 17:00:00,0.99809265,2.7222443,285.2666,289.82635,0.0,0.0,0.0,0.0,3.5999988e-12,94855.0
2025-05-11 18:00:00,1.2709045,2.8015442,285.60376,289.86017,0.0,0.0,0.0,0.0,3.5999988e-12,95099.0
2025-05-11 19:00:00,1.4905701,2.6811066,285.56592,289.65637,0.0,0.0,0.0,0.0,3.5999988e-12,106065.0
2025-05-11 20:00:00,1.5436554,2.4998627,285.9922,288.96924,0.0,0.0,0.0,0.0,3.5999988e-12,101135.0
2025-05-11 21:00:00,1.5691833,2.3709564,285.90125,289.0266,0.0,0.0,0.0,0.0,3.5999988e-12,96197.0
2025-05-11 22:00:00,2.177185,2.0487823,286.61725,292.63226,0.0,0.0,0.0,0.0,150592.0,71205.0
2025-05-11 23:00:00,2.296875,2.502411,285.687,293.8338,0.0,0.0,0.0,0.0,692544.0,-15435.0
2025-05-12 00:00:00,2.498169,2.6167755,285.1277,295.0636,0.0,0.0,0.0,0.0,1361984.0,-118000.0
2025-05-12 01:00:00,2.7249298,2.9249573,285.06042,296.25122,0.0,0.0,0.0,0.0,2004928.0,-208053.0
2025-05-12 02:00:00,2.9586945,3.2391357,283.35474,299.68933,0.0,0.0,0.0,0.0,2536896.0,-281243.0
2025-05-12 03:00:00,3.2334595,3.3428955,282.4126,300.594,0.0,0.0,0.0,0.0,2906560.0,-316366.0
2025-05-12 04:00:00,3.0266266,3.5424805,282.09924,300.80713,0.0,0.0,0.0,0.0,3079424.0,-325907.0
2025-05-12 05:00:00,2.3385925,3.9552155,279.91528,301.92456,0.0,0.0,0.0,0.0,3043072.0,-299277.0
2025-05-12 06:00:00,1.7101746,4.1710052,279.45532,301.83325,0.0,0.0,0.0,0.0,2804224.0,-223343.0
2025-05-12 07:00:00,0.9882965,3.9170074,279.46875,301.84253,0.0,0.0,0.0,0.0,2381568.0,-101743.0
2025-05-12 08:00:00,-0.003967285,3.405304,281.39502,301.08276,0.0,0.0,0.0,0.0,1807872.0,268.0
2025-05-12 09:00:00,-1.125,3.2513275,283.66528,300.24292,0.0,0.0,0.0,0.0,1145536.0,61574.0
2025-05-12 10:00:00,-1.6793365,3.3126678,284.38513,296.66077,0.0,0.0,0.0,0.0,494272.0,126621.0
2025-05-12 11:00:00,-2.0833435,4.205307,284.01062,295.80115,0.0,0.0,0.0,0.0,56320.0,196320.0
2025-05-12 12:00:00,-2.0094757,4.947937,282.9756,295.76422,0.0,0.0,0.0,0.0,3.5999988e-12,228363.0
2025-05-12 13:00:00,-1.6463623,5.3210907,282.2124,296.17548,0.0,0.0,0.0,0.0,3.5999988e-12,253666.0
2025-05-12 14:00:00,-1.2718353,5.54274,282.0475,294.70142,0.0,0.0,0.0,0.0,3.5999988e-12,267719.0
2025-05-12 15:00:00,-1.0379791,5.6384583,282.07446,294.79443,0.0,0.0,0.0,0.0,3.5999988e-12,276634.0
2025-05-12 16:00:00,-1.0699921,5.826996,282.3058,294.56418,0.13470459,0.0,0.0,0.0,3.5999988e-12,283357.0
2025-05-12 17:00:00,-0.9676666,5.8826447,281.9347,293.78625,0.0993042,0.0,0.0,0.0,3.5999988e-12,286915.0
2025-05-12 18:00:00,-0.8077698,5.768387,281.76172,293.75366,0.0038452148,0.0,0.0,0.0,3.5999988e-12,278864.0
2025-05-12 19:00:00,-0.77960205,5.8385315,281.86694,293.44714,0.0,0.0,0.0,0.0,3.5999988e-12,236549.0
2025-05-12 20:00:00,-0.63674927,5.786209,282.08423,293.002,0.049804688,0.0,0.0,0.0,3.5999988e-12,238831.0
2025-05-12 21:00:00,-0.58052063,5.6920013,282.46362,292.72168,0.48739624,0.0,0.0,0.0,3.5999988e-12,232663.0
2025-05-12 22:00:00,-0.75561523,4.9974213,284.33313,294.79517,0.84625244,0.0,0.0,0.0,152384.0,189486.0
2025-05-12 23:00:00,-0.96606445,5.3707733,284.98828,295.1706,0.7619934,0.0,0.0,0.0,669440.0,45269.0
2025-05-13 00:00:00,-0.67277527,6.1501923,285.1278,295.53625,0.6252136,0.0,0.0,0.0,1341952.0,-150752.0
2025-05-13 01:00:00,-0.7525482,6.6097717,285.25977,295.906,0.07064819,0.0,0.0,0.0,1972544.0,-342482.0
2025-05-13 02:00:00,-1.1020203,6.93869,285.85034,298.60046,0.0,0.0,0.0,0.0,2490944.0,-499253.0
2025-05-13 03:00:00,-1.0909729,6.9125214,286.09924,298.80762,0.140625,0.0,0.0,0.0,2849984.0,-601758.0
2025-05-13 04:00:00,-1.2662354,6.9184113,286.92908,298.87622,0.2387085,0.0,0.0,0.0,3009728.0,-651499.0
2025-05-13 05:00:00,-1.7013245,7.0225983,287.90942,300.00342,0.06439209,0.0,0.0,0.0,2969152.0,-644260.0
2025-05-13 06:00:00,-1.7737274,6.6355286,288.40125,299.89038,0.59555054,0.0,0.0,0.0,2726464.0,-582733.0
2025-05-13 07:00:00,-2.5583038,6.6347504,288.61523,299.42188,0.99313354,0.0,0.0,0.0,2294976.0,-437041.0
2025-05-13 08:00:00,-3.1019592,6.3553925,289.23193,297.64648,1.0,0.0,0.0,0.0,1451328.0,-229980.0
2025-05-13 09:00:00,-3.2018585,6.2388916,289.1236,296.97412,0.98605347,0.0,0.0,0.0,633600.0,-26068.0
2025-05-13 10:00:00,-3.291916,6.543625,289.00412,294.9309,1.0,0.0,0.0,0.0,285696.0,61115.0
2025-05-13 11:00:00,-3.0533447,6.828079,289.3836,295.05804,0.99697876,0.0,0.0,0.0,42304.0,146879.0
2025-05-13 12:00:00,-2.7831116,6.990692,289.6208,295.1325,1.0,0.0,0.0,0.0,3.5999988e-12,166713.0
2025-05-13 13:00:00,-2.379303,7.1339417,289.75937,295.221,1.0,0.0,0.0,0.0,3.5999988e-12,167758.0
2025-05-13 14:00:00,-2.0297241,6.972397,290.0134,294.30206,1.0,0.0,0.0,0.0,3.5999988e-12,164857.0
2025-05-13 15:00:00,-1.6446075,6.5675964,290.19788,294.42297,0.98791504,0.0,0.0,0.0,3.5999988e-12,166090.0
2025-05-13 16:00:00,-1.2611694,5.9861145,290.21112,294.34802,0.93859863,0.0,0.0,0.0,3.5999988e-12,157425.0
2025-05-13 17:00:00,-0.9467926,5.3476105,290.5936,293.61734,0.9697571,0.0,0.0,0.0,3.5999988e-12,147293.0
2025-05-13 18:00:00,-0.73742676,4.8060455,290.74127,293.65704,1.0,0.0,0.0,0.0,3.5999988e-12,140695.0
2025-05-13 19:00:00,-0.5018616,4.2513885,291.02893,293.6985,1.0,0.0,0.0,0.0,3.5999988e-12,94777.0
2025-05-13 20:00:00,-0.4025421,3.9922333,291.26358,293.23752,1.0,0.0,0.0,0.0,3.5999988e-12,96791.0
2025-05-13 21:00:00,-0.38432312,3.6828613,291.34976,293.38034,1.0,0.0,0.0,0.0,3.5999988e-12,84896.0
2025-05-13 22:00:00,-0.46699524,3.0043793,291.59088,295.22595,0.9906311,0.0,0.0,0.0,65536.0,59040.0
2025-05-13 23:00:00,-0.8255768,3.0975037,291.8633,295.8806,0.9830322,0.0,0.0,0.0,433408.0,-30152.0
2025-05-14 00:00:00,-0.71754456,3.8858948,291.80524,296.63672,0.95999146,0.0,0.0,0.0,1077184.0,-181319.0
2025-05-14 01:00:00,-0.45639038,4.183792,291.96994,297.83008,0.9367676,0.0,0.0,0.0,1750464.0,-343474.0
2025-05-14 02:00:00,-0.42947388,4.194031,292.22098,300.84546,0.6578369,0.0,0.0,0.0,2237632.0,-451024.0
2025-05-14 03:00:00,-0.32382202,4.149948,292.38004,301.3269,0.19540405,0.0,0.0,0.0,2611968.0,-525887.0
2025-05-14 04:00:00,-0.5250397,4.1380005,292.2716,301.62598,0.0,0.0,0.0,0.0,2640576.0,-495573.0
2025-05-14 05:00:00,-0.9036255,4.411438,292.40375,303.62988,0.06472778,0.0,0.0,0.0,2665408.0,-486918.0
2025-05-14 06:00:00,-1.0905457,4.486969,292.14142,303.57935,0.3081665,0.0,0.0,0.0,2411264.0,-388733.0
2025-05-14 07:00:00,-1.2251282,4.25,291.9535,303.55664,0.068481445,0.0,0.0,0.0,2321728.0,-319803.0
2025-05-14 08:00:00,-1.5322876,3.8157043,292.1057,302.7693,0.015625,0.0,0.0,0.0,1745984.0,-189151.0
2025-05-14 09:00:00,-1.9618988,3.4892426,292.4098,301.94116,0.0060424805,0.0,0.0,0.0,1117888.0,-71817.0
2025-05-14 10:00:00,-1.8966827,3.3864136,292.54095,298.3252,0.04425049,0.0,0.0,0.0,486400.0,34402.0
2025-05-14 11:00:00,-1.9334564,3.5010834,293.63348,297.18848,0.5860596,0.0,0.0,0.0,58368.0,107495.0
2025-05-14 12:00:00,-1.8421631,3.5696564,293.6532,297.04504,0.9623108,0.0,0.0,0.0,3.5999988e-12,109525.0
2025-05-14 13:00:00,-1.78656,3.7261047,293.552,297.26465,0.9689636,0.0,0.0,0.0,3.5999988e-12,105805.0
2025-05-14 14:00:00,-1.6457825,3.8045807,293.36224,296.11353,0.84524536,0.0,0.0,0.0,3.5999988e-12,103053.0
2025-05-14 15:00:00,-1.4264832,3.7459412,293.23846,296.3158,0.99313354,0.0,0.01876831,0.0,3.5999988e-12,103445.0
2025-05-14 16:00:00,-1.2597351,3.4598694,292.95322,296.21802,0.97073364,0.0,0.04498291,0.0,3.5999988e-12,106589.0
2025-05-14 17:00:00,-1.09375,3.0782013,292.31256,295.1518,0.9591675,0.0,0.0030212402,0.0,3.5999988e-12,109162.0
2025-05-14 18:00:00,-0.93270874,2.7421722,291.93268,295.1078,0.9346924,0.0,0.0,0.0,3.5999988e-12,98353.0
2025-05-14 19:00:00,-0.8472595,2.380951,291.6473,295.07208,0.97302246,0.0,0.0031433105,0.0,3.5999988e-12,59637.0
2025-05-14 20:00:00,-0.84750366,1.9250641,291.12332,294.51135,0.97302246,0.0,0.15100098,0.0,3.5999988e-12,52673.0
2025-05-14 21:00:00,-0.8934479,1.5716553,290.9858,294.58423,0.9930115,0.0,0.024475098,0.0,3.5999988e-12,39941.0
2025-05-14 22:00:00,-0.4690094,1.2000427,292.10822,295.7555,0.9831238,0.0,0.0,0.0,89728.0,23409.0
2025-05-14 23:00:00,-0.12774658,0.85453796,292.2553,296.40234,0.953125,0.0,0.012512207,0.0,406720.0,-29255.0
2025-05-15 00:00:00,0.3794098,0.0028076172,292.4434,297.00684,0.9439697,0.0,0.021911621,0.0,992128.0,-147641.0
2025-05-15 01:00:00,-0.10940552,-0.43707275,292.6305,297.14355,0.9416504,0.0,0.3809204,0.0,1128960.0,-179786.0
2025-05-15 02:00:00,-0.81552124,0.105911255,292.5546,297.6123,0.670166,0.0,0.7167969,0.0,1494720.0,-255685.0
2025-05-15 03:00:00,-1.1710968,0.73779297,292.68027,300.54272,0.5699768,0.0,0.54345703,0.0,2093760.0,-377459.0
2025-05-15 04:00:00,-1.6934509,0.78582764,292.68527,301.292,0.21151733,0.0,0.46847534,0.0,2539200.0,-463594.0
2025-05-15 05:00:00,-1.607605,1.51268,292.69632,301.57764,0.5395813,0.0,0.49084473,3.8146973e-06,2246272.0,-370835.0
2025-05-15 06:00:00,-1.1186218,1.501358,292.7287,301.07227,0.43292236,0.0,0.9409485,4.7683716e-07,1560256.0,-203214.0
2025-05-15 07:00:00,-0.9697113,1.2642517,293.04834,300.97778,0.27923584,0.0062561035,0.9148865,0.0,958080.0,-81720.0
2025-05-15 08:00:00,-1.125412,0.5604553,294.19238,298.71802,0.3685913,0.035827637,0.97488403,0.00015354156,734144.0,-59935.0
2025-05-15 09:00:00,-1.8857574,0.18493652,294.5985,298.53247,0.25238037,0.01373291,0.8244324,0.0,373696.0,-10822.0
2025-05-15 10:00:00,-1.2650757,0.57292175,294.54138,297.7079,0.9248047,0.0,0.48220825,1.4305115e-06,174912.0,8781.0
2025-05-15 11:00:00,-1.673996,0.93769836,294.60248,297.02625,0.93969727,0.0,0.8760376,0.00074338913,30656.0,28944.0
2025-05-15 12:00:00,-1.3496857,1.3296204,294.823,296.9718,0.9266968,0.0,0.9697571,1.04904175e-05,3.5999988e-12,33836.0
2025-05-15 13:00:00,-2.126831,1.3674469,294.87384,296.901,0.9939575,0.0,1.0,4.7683716e-07,3.5999988e-12,27547.0
2025-05-15 14:00:00,-3.0667267,2.0085144,295.05817,296.66064,1.0,0.0,1.0,0.0,3.5999988e-12,32821.0
2025-05-15 15:00:00,-3.082611,2.4411163,295.08478,296.75684,1.0,0.05303955,1.0,1.4305115e-06,3.5999988e-12,43520.0
2025-05-15 16:00:00,-2.8669434,3.617279,294.79938,296.75623,0.9809265,0.70062256,0.7880554,1.6212463e-05,3.5999988e-12,60513.0
2025-05-15 17:00:00,-2.6760254,4.51947,294.07397,296.5569,0.9968567,0.95150757,0.87683105,1.4781952e-05,3.5999988e-12,87482.0
2025-05-15 18:00:00,-2.2594452,4.9815674,293.10046,296.13873,0.980011,0.6308594,1.0,0.00094127655,3.5999988e-12,130154.0
2025-05-15 19:00:00,-2.2398224,5.899658,293.0639,295.58197,0.93795776,0.90930176,1.0,0.001449585,3.5999988e-12,70018.0
2025-05-15 20:00:00,-1.4776001,7.1309357,293.9557,295.10223,0.9815674,0.5858154,0.9939575,0.0014457703,3.5999988e-12,87317.0
2025-05-15 21:00:00,-0.16014099,7.4477844,294.58875,295.1214,1.0,0.6343689,0.9968567,0.0009422302,3.5999988e-12,129243.0
2025-05-15 22:00:00,0.37397766,6.449585,294.27075,295.7422,1.0,0.1845398,1.0,0.00079345703,24320.0,179490.0
2025-05-15 23:00:00,2.1463013,5.500946,294.37372,295.5506,1.0,0.44485474,1.0,0.001083374,97856.0,156786.0
2025-05-16 00:00:00,3.1046906,4.9038696,294.40118,295.46606,1.0,0.023223877,0.93429565,0.0012617111,223232.0,105982.0
2025-05-16 01:00:00,3.7502136,4.085602,294.75897,295.7942,0.9906311,0.24420166,0.9817505,0.00049352646,422592.0,61035.0
2025-05-16 02:00:00,4.832016,2.7729797,294.91437,297.1548,0.8293762,0.2562256,0.89294434,0.00012779236,1237312.0,-135193.0
2025-05-16 03:00:00,4.796341,0.70936584,294.5719,297.69043,0.16299438,0.48657227,0.9768982,0.0001540184,1570624.0,-263383.0
2025-05-16 04:00:00,4.6314087,-0.12973022,294.5108,297.0135,0.0,0.34475708,1.0,9.679794e-05,1101312.0,-167231.0
2025-05-16 05:00:00,4.3780365,-0.47407532,293.91895,296.7456,0.0,0.15826416,0.9812317,0.000102996826,981504.0,-139928.0
2025-05-16 06:00:00,3.7637482,-0.5363159,293.63953,297.00732,0.0060424805,0.15484619,0.9003906,6.246567e-05,1247808.0,-210732.0
2025-05-16 07:00:00,3.667511,-1.2686157,293.35974,297.41028,0.0060424805,0.54507446,0.5467529,1.4781952e-05,596544.0,-76808.0
2025-05-16 08:00:00,3.1350555,-1.6267242,292.94495,297.82593,0.006866455,0.6509094,0.38934326,4.7683716e-06,956544.0,-145928.0
2025-05-16 09:00:00,2.0085297,-1.708313,292.91284,298.09753,0.0,0.7792969,0.17245483,1.9073486e-06,490880.0,-26105.0
2025-05-16 10:00:00,0.3106842,-1.7844086,292.6106,295.3827,0.0,0.8155823,0.3168335,4.7683716e-07,227392.0,13622.0
2025-05-16 11:00:00,-0.77783203,-1.6139832,292.38788,295.05127,0.0,0.89523315,0.33358765,4.7683716e-07,28416.0,13546.0
2025-05-16 12:00:00,-1.5077057,-1.3066406,292.4242,294.45007,0.0,0.63720703,0.015106201,0.0,3.5999988e-12,8219.0
2025-05-16 13:00:00,-1.8741913,-0.32336426,292.42242,294.11,0.0,0.066711426,0.0,9.536743e-07,3.5999988e-12,12068.0
2025-05-16 14:00:00,-1.9305115,0.25872803,292.23468,293.48682,0.3697815,0.012908936,0.0,0.0,3.5999988e-12,15656.0
2025-05-16 15:00:00,-1.5047455,0.74290466,292.14178,293.18726,0.99313354,0.044189453,0.0,0.0,3.5999988e-12,19848.0
2025-05-16 16:00:00,-0.8740387,1.1556702,292.2647,293.00867,0.93740845,0.11288452,0.0,0.0,3.5999988e-12,17774.0
2025-05-16 17:00:00,-0.4647522,1.6435547,292.05206,292.79218,0.9710388,0.31658936,0.0030212402,0.0,3.5999988e-12,19335.0
2025-05-16 18:00:00,-0.16567993,1.4181366,291.91516,292.56903,1.0,0.41503906,0.0,0.0,3.5999988e-12,20648.0
2025-05-16 19:00:00,-0.03111267,1.5538483,291.9829,292.55536,0.99697876,0.4340515,0.0060424805,0.0,3.5999988e-12,9346.0
2025-05-16 20:00:00,-0.32362366,2.268814,292.18573,292.65546,0.9939575,0.2925415,0.0060424805,4.7683716e-07,3.5999988e-12,14668.0
2025-05-16 21:00:00,-0.11541748,2.2396545,292.3625,292.79303,0.8297119,0.3005371,0.0060424805,3.8146973e-06,3.5999988e-12,23047.0
2025-05-16 22:00:00,0.05101013,2.3788147,293.62427,295.21777,0.7248535,0.09384155,0.018341064,2.3841858e-06,114752.0,10807.0
2025-05-16 23:00:00,-0.031433105,2.2462158,293.88037,295.98462,0.47366333,0.01687622,0.23104858,4.7683716e-07,527104.0,-75228.0
2025-05-17 00:00:00,0.46351624,2.5200653,294.24866,296.80847,0.13305664,0.0,0.17758179,0.0,1118464.0,-200933.0
2025-05-17 01:00:00,2.0722046,2.7130127,294.19556,297.5841,0.09301758,0.21099854,0.07824707,1.1444092e-05,1583104.0,-313680.0
2025-05-17 02:00:00,3.1983337,2.053894,294.11975,300.19727,0.021911621,0.35998535,0.06417847,4.2915344e-06,1693824.0,-279932.0
2025-05-17 03:00:00,3.334076,1.7159424,294.1729,301.32715,0.14764404,0.24920654,0.055023193,0.0,2232768.0,-384483.0
2025-05-17 04:00:00,2.927658,1.4850922,293.83472,301.23413,0.060302734,0.22970581,0.10559082,4.7683716e-07,1821696.0,-234967.0
2025-05-17 05:00:00,2.601532,1.4758301,293.56635,301.86768,0.012298584,0.079589844,0.13946533,0.0,1318208.0,-111915.0
2025-05-17 06:00:00,2.6063843,1.2752533,293.15692,302.38794,0.7597351,0.03326416,0.0030212402,0.0,1606336.0,-159954.0
2025-05-17 07:00:00,2.4337616,1.0552826,292.83258,302.89844,0.61172485,0.0362854,0.0,0.0,2224128.0,-195896.0
2025-05-17 08:00:00,1.7537079,1.1278992,292.57654,302.9956,0.03930664,0.0060424805,0.0,0.0,1556480.0,-56462.0
2025-05-17 09:00:00,0.95350647,1.1987762,293.23285,302.94092,0.0,0.009063721,0.0093688965,0.0,1095104.0,1430.0
2025-05-17 10:00:00,0.36756897,0.5231018,293.47754,299.69238,0.17010498,0.021636963,0.0519104,0.0,481536.0,47002.0
2025-05-17 11:00:00,0.27674866,0.51745605,294.024,298.11035,0.044281006,0.05114746,0.03970337,0.0,62016.0,36979.0
2025-05-17 12:00:00,0.2664795,0.69992065,294.44897,297.99243,0.5987854,0.06448364,0.19659424,0.0,3.5999988e-12,34129.0
2025-05-17 13:00:00,0.14675903,-1.4539337,294.7976,298.17065,0.82580566,0.23171997,0.66659546,0.0,3.5999988e-12,42219.0
2025-05-17 14:00:00,-0.50401306,-3.9294891,292.4934,296.32605,0.7732544,0.36431885,0.8049011,0.0,3.5999988e-12,69444.0
2025-05-17 15:00:00,-1.663681,-5.596283,290.9331,295.10193,0.9729004,0.2197876,0.7453308,0.0,3.5999988e-12,45983.0
2025-05-17 16:00:00,-2.5907135,-6.6319275,289.46375,294.21375,0.7949219,0.77020264,0.38302612,0.0,3.5999988e-12,35494.0
2025-05-17 17:00:00,-3.338028,-5.9687195,288.1576,292.7483,0.94677734,0.7633362,0.25134277,0.0,3.5999988e-12,17546.0
2025-05-17 18:00:00,-3.576233,-5.236191,287.35962,292.5376,1.0,0.72994995,0.29162598,0.0,3.5999988e-12,-42.0
2025-05-17 19:00:00,-3.490921,-5.0197754,286.85498,292.4583,0.9838562,0.77627563,0.22998047,0.0,3.5999988e-12,-32798.0
2025-05-17 20:00:00,-3.480362,-4.5339813,285.77856,291.72247,0.98999023,0.7496033,0.8320923,6.67572e-06,3.5999988e-12,-28245.0
2025-05-17 21:00:00,-3.5101929,-3.8993988,285.87756,291.8609,1.0,0.8568115,0.98220825,9.536743e-07,3.5999988e-12,-25339.0
2025-05-17 22:00:00,-3.4025116,-3.7384338,285.85736,292.42377,0.9961548,0.8676758,0.8575134,0.00021076202,35328.0,-11567.0
2025-05-17 23:00:00,-3.5664825,-3.8876038,286.05676,292.43268,0.8097534,0.67578125,0.62475586,9.536743e-07,141888.0,-40771.0
2025-05-18 00:00:00,-3.65448,-3.468399,286.1131,292.50232,0.8518982,0.87442017,0.86032104,9.536743e-07,343744.0,-91736.0
2025-05-18 01:00:00,-3.8299255,-2.4085999,285.93958,292.6549,0.8739929,0.8785095,0.8958435,4.7683716e-07,773568.0,-224354.0
2025-05-18 02:00:00,-3.631012,-1.288971,285.66113,293.2445,0.96762085,0.6064148,0.86816406,4.7683716e-07,1281088.0,-373745.0
2025-05-18 03:00:00,-3.3952026,-0.4553833,285.44208,293.92908,0.95373535,0.3105774,0.30950928,0.0,2140032.0,-625289.0
2025-05-18 04:00:00,-3.0307007,-0.5584259,285.49158,294.0808,0.9785156,0.024047852,0.09524536,0.0,2378048.0,-668307.0
2025-05-18 05:00:00,-3.1598358,-0.6217041,286.17627,294.32642,0.9739685,0.0211792,0.045654297,0.0,2317312.0,-650117.0
2025-05-18 06:00:00,-3.5028381,-0.05833435,286.2536,294.3894,0.97595215,0.0030212402,0.80810547,0.0,2378560.0,-674189.0
2025-05-18 07:00:00,-3.4769745,0.7114563,286.51764,294.39648,0.9289551,0.0,0.37036133,0.0,1159168.0,-302153.0
2025-05-18 08:00:00,-3.1257477,1.3068695,286.847,294.0725,0.86709595,0.0,0.24545288,0.0,1117824.0,-281991.0
2025-05-18 09:00:00,-2.97612,2.076767,287.0749,293.9828,0.7246094,0.0,0.67193604,0.0,901952.0,-201881.0
2025-05-18 10:00:00,-2.3856354,2.4933167,287.235,292.7671,0.9153137,0.0154418945,0.74349976,0.0,329728.0,-53455.0
2025-05-18 11:00:00,-2.6534576,2.5850525,287.47812,292.5666,0.9234314,0.08099365,0.7039795,0.0,30848.0,5307.0
2025-05-18 12:00:00,-2.8704987,2.8428802,287.8557,292.47205,0.9714966,0.4312744,0.42092896,0.0,3.5999988e-12,20737.0
2025-05-18 13:00:00,-2.2467957,3.2301025,288.42236,292.591,0.9513855,1.0,0.03302002,0.0,3.5999988e-12,15504.0
2025-05-18 14:00:00,-1.3169403,3.8746948,289.84857,292.78412,0.986969,0.966095,0.015106201,0.0,3.5999988e-12,23935.0
2025-05-18 15:00:00,-0.78437805,4.6246185,290.60327,293.23114,0.9830322,0.9718628,0.0069885254,0.0,3.5999988e-12,6139.0
2025-05-18 16:00:00,-0.36203003,4.5966797,291.16882,293.35242,1.0,0.6847534,0.0,4.7683716e-07,3.5999988e-12,23359.0
2025-05-18 17:00:00,-0.100128174,4.783264,291.7127,293.319,1.0,0.49798584,0.0,4.7683716e-07,3.5999988e-12,29600.0
2025-05-18 18:00:00,0.050704956,4.713043,291.7865,293.29468,0.9930115,0.028869629,0.0,0.0,3.5999988e-12,60516.0
2025-05-18 19:00:00,0.02645874,4.0459137,291.8344,293.4264,1.0,0.0062561035,0.0,0.0,3.5999988e-12,65603.0
2025-05-18 20:00:00,-0.24607849,3.4783173,291.93015,293.3238,0.98324585,0.0,0.0,0.0,3.5999988e-12,64002.0
2025-05-18 21:00:00,-0.6381836,3.3085938,291.7086,293.05396,0.9830322,0.0,0.0,0.0,3.5999988e-12,63915.0
2025-05-18 22:00:00,-0.7305145,3.3263092,292.32788,294.74597,0.9590759,0.0,0.0,0.0,142400.0,28884.0
2025-05-18 23:00:00,-0.6629486,3.8649292,292.1269,295.33038,0.9362488,0.0,0.0,0.0,587200.0,-88450.0
2025-05-19 00:00:00,-0.34573364,4.0451202,292.3,296.08704,0.8175354,0.0,0.0,0.0,1182208.0,-247683.0
2025-05-19 01:00:00,-0.26193237,3.9223785,292.4507,296.80737,0.6972656,0.0,0.0,0.0,1805568.0,-414676.0
2025-05-19 02:00:00,-0.31455994,3.75,293.0758,300.01953,0.92404175,0.0,0.0,0.0,2278592.0,-531139.0
2025-05-19 03:00:00,-0.6233063,3.9967346,293.44873,300.58472,0.9230957,0.0,0.0,0.0,2656576.0,-616520.0
2025-05-19 04:00:00,-0.4871521,4.5450134,293.49652,300.5266,0.7260437,0.0,0.0,0.0,2800512.0,-647696.0
2025-05-19 05:00:00,-0.3241272,4.8558044,293.7923,302.1355,0.070129395,0.0,0.0,0.0,2894080.0,-673602.0
2025-05-19 06:00:00,-0.5719147,5.0180054,293.9007,302.03174,0.0,0.0,0.0,0.0,2673408.0,-611757.0
2025-05-19 07:00:00,-0.91415405,5.057266,294.0797,301.8142,0.0,0.0,0.0,0.0,2309632.0,-457692.0
2025-05-19 08:00:00,-1.1521301,4.7174377,294.26947,301.26147,0.0,0.0,0.0,0.0,1754368.0,-304218.0
2025-05-19 09:00:00,-1.5089264,4.168976,294.37592,300.8894,0.0,0.0,0.0,0.0,1120640.0,-140212.0
2025-05-19 10:00:00,-1.8655243,3.0078278,294.27582,298.33105,0.0,0.0,0.0,0.0,495808.0,-1156.0
2025-05-19 11:00:00,-2.1509857,3.0746918,294.45514,297.5863,0.041870117,0.0,0.0,0.0,67392.0,80192.0
2025-05-19 12:00:00,-2.2280579,3.4085083,294.5086,297.38586,0.015411377,0.006866455,0.0,0.0,3.5999988e-12,83297.0
2025-05-19 13:00:00,-2.0232544,3.7635803,294.65338,297.51782,0.0,0.006866455,0.0,0.0,3.5999988e-12,76902.0
2025-05-19 14:00:00,-1.7386475,3.7792358,294.50732,296.55664,0.16397095,0.010009766,0.0,0.0,3.5999988e-12,72653.0
2025-05-19 15:00:00,-1.3200684,3.5223694,294.5368,296.70166,0.12908936,0.02999878,0.0,0.0,3.5999988e-12,66754.0
2025-05-19 16:00:00,-1.0616608,3.294815,294.57385,296.80212,0.16821289,0.01687622,0.0,0.0,3.5999988e-12,59134.0
2025-05-19 17:00:00,-1.035553,3.1472168,294.56628,296.12012,0.67092896,0.0115356445,0.0,0.0,3.5999988e-12,50699.0
2025-05-19 18:00:00,-1.0160217,2.9589233,294.57654,296.04486,1.0,0.0038452148,0.0,0.0,3.5999988e-12,45321.0
2025-05-19 19:00:00,-0.7811737,3.094818,294.6059,296.12012,0.94281006,0.017578125,0.0,0.0,3.5999988e-12,47812.0
2025-05-19 20:00:00,-0.5969696,2.930832,294.7071,295.92432,0.97073364,0.032165527,0.0,0.0,3.5999988e-12,52808.0
2025-05-19 21:00:00,-0.51989746,3.0503235,294.72876,295.96033,0.8503418,0.026123047,0.0060424805,0.0,3.5999988e-12,53855.0
2025-05-19 22:00:00,-0.5589142,2.5923767,295.41846,297.99,0.9121704,0.0115356445,0.22692871,0.0,116672.0,28808.0
2025-05-19 23:00:00,0.28572083,3.4388733,295.5335,298.54346,0.86517334,0.0,0.20489502,0.0,477120.0,-49102.0
2025-05-20 00:00:00,1.0727997,3.6389313,295.55066,298.90076,0.6152649,0.0,0.25030518,3.8146973e-06,764544.0,-109850.0
2025-05-20 01:00:00,1.6195526,4.5368347,295.5194,299.45813,0.88272095,0.0,0.6590271,4.5776367e-05,1053120.0,-167184.0
2025-05-20 02:00:00,1.5219879,4.781311,296.12213,300.13818,0.9455261,0.043151855,0.70181274,0.00049495697,1236032.0,-168708.0
2025-05-20 03:00:00,1.2951202,4.3928833,296.55737,299.4685,1.0,0.0435791,0.76831055,0.0005931854,1089728.0,-127198.0
2025-05-20 04:00:00,1.7698975,4.130234,296.39526,298.78137,1.0,0.14120483,0.89990234,0.00031089783,1133952.0,-161282.0
2025-05-20 05:00:00,1.2128143,3.2813263,296.5207,298.99487,0.9562073,0.0,0.48916626,0.0006155968,1444480.0,-212747.0
2025-05-20 06:00:00,1.3468323,3.297989,296.45325,299.72803,0.7003784,0.018463135,0.7062988,0.00046157837,1691392.0,-296232.0
2025-05-20 07:00:00,0.99746704,3.49794,296.4046,300.06787,0.43789673,0.021911621,0.24273682,9.536743e-06,1342720.0,-213358.0
2025-05-20 08:00:00,0.29859924,3.4301605,296.43744,300.90332,0.33743286,0.0031433105,0.5842285,7.6293945e-06,1362688.0,-225297.0
2025-05-20 09:00:00,0.03315735,3.4759521,296.46472,300.43555,0.2914734,0.0031433105,0.2501831,0.0,904960.0,-111211.0
2025-05-20 10:00:00,-0.5252838,2.395691,296.56348,299.05017,0.75701904,0.13217163,0.2591858,7.6293945e-06,363520.0,9949.0
2025-05-20 11:00:00,-1.0708923,3.0351562,296.5542,298.6825,0.87164307,0.2046814,0.18615723,1.4305115e-06,46272.0,56868.0
2025-05-20 12:00:00,-1.1890411,3.7586517,296.64874,298.64917,0.9755249,0.3642273,0.31741333,0.0,3.5999988e-12,45839.0
2025-05-20 13:00:00,-1.0237427,3.7841797,296.56677,298.33386,1.0,0.3078308,0.1979065,0.0,3.5999988e-12,56623.0
2025-05-20 14:00:00,-0.9522705,2.8867645,296.6695,297.77832,1.0,0.37445068,0.21118164,0.0,3.5999988e-12,51350.0
2025-05-20 15:00:00,-1.3488922,2.7831268,296.60913,297.63232,1.0,0.47094727,0.26153564,0.0,3.5999988e-12,47380.0
2025-05-20 16:00:00,-1.1401825,2.754547,296.57916,297.6416,1.0,0.500885,0.39926147,2.861023e-06,3.5999988e-12,45497.0
2025-05-20 17:00:00,-0.47657776,2.6256256,296.50873,297.5465,1.0,0.36587524,0.9032898,8.773804e-05,3.5999988e-12,42507.0
2025-05-20 18:00:00,0.23690796,2.286911,296.4713,297.7185,1.0,0.40197754,0.94696045,0.0003643036,3.5999988e-12,51394.0
2025-05-20 19:00:00,0.16578674,2.497589,296.43195,297.7307,0.99697876,0.44091797,0.6882019,0.002275467,3.5999988e-12,16726.0
2025-05-20 20:00:00,0.5259094,2.805832,296.2384,297.2223,0.9961548,0.9718628,0.7960205,0.0034446716,3.5999988e-12,17663.0
2025-05-20 21:00:00,1.1603699,2.3359985,296.086,296.938,1.0,1.0,0.96990967,0.004023552,3.5999988e-12,11011.0
2025-05-20 22:00:00,2.1070557,0.9017029,295.81396,296.51135,1.0,0.11242676,0.9656372,0.004507065,6784.0,5900.0
2025-05-20 23:00:00,2.7754822,0.66659546,295.75903,296.4442,1.0,0.06896973,1.0,0.004262924,33856.0,4227.0
2025-05-21 00:00:00,3.8159332,-0.06967163,295.9051,296.71973,0.9621582,0.6206665,0.9939575,0.0048236847,68864.0,11910.0
2025-05-21 01:00:00,3.781021,-0.83291626,295.89392,296.62305,0.58825684,0.41970825,0.8687744,0.0035686493,144512.0,35087.0
2025-05-21 02:00:00,3.3722534,-1.2532959,295.73877,297.01746,0.34420776,0.015106201,0.4114685,0.0011911392,368384.0,31596.0
2025-05-21 03:00:00,4.146652,-1.3986816,295.68878,298.18542,0.4418335,0.032714844,0.4038086,0.0003118515,1189568.0,-104333.0
2025-05-21 04:00:00,4.4457397,-1.3215637,295.4729,299.00598,0.41674805,0.19973755,0.87301636,1.1920929e-05,1682880.0,-248709.0
2025-05-21 05:00:00,4.0842285,-1.7001038,295.81793,300.62793,0.8160095,0.28564453,0.2930603,9.9658966e-05,2220416.0,-344509.0
2025-05-21 06:00:00,3.3171082,-1.4251862,296.0879,300.8495,0.6993408,0.43936157,0.5405884,0.00017547607,1565632.0,-158457.0
2025-05-21 07:00:00,2.2014008,-1.5144653,296.2859,300.1582,0.35913086,0.32687378,0.08163452,5.6743622e-05,870400.0,-66778.0
2025-05-21 08:00:00,1.2629395,-1.4606018,295.95312,300.2395,0.3494568,0.3070984,0.009063721,0.0001835823,1227648.0,-113544.0
2025-05-21 09:00:00,-0.17774963,-1.4052582,296.03986,299.7671,0.40908813,0.32196045,0.049194336,3.0994415e-05,647040.0,-5774.0
2025-05-21 10:00:00,-2.847412,-0.28826904,296.11755,298.9851,0.30233765,0.18267822,0.015625,0.0,326592.0,11855.0
2025-05-21 11:00:00,-2.8343964,0.6413269,296.1927,298.50073,0.4751892,0.1803894,0.043792725,0.0,64832.0,25186.0
2025-05-21 12:00:00,-2.1615753,2.5936127,295.9712,298.26306,0.30697632,0.12307739,0.013244629,0.0,3.5999988e-12,41042.0
2025-05-21 13:00:00,-1.0350494,3.2450256,295.80133,298.28186,0.02279663,0.07846069,0.019500732,0.0,3.5999988e-12,51389.0
2025-05-21 14:00:00,0.23728943,1.9424133,295.6938,297.3141,0.0,0.048034668,0.013244629,0.0,3.5999988e-12,39412.0
2025-05-21 15:00:00,0.46528625,1.2391205,295.35138,296.74426,0.0,0.03152466,0.0069885254,0.0,3.5999988e-12,15470.0
2025-05-21 16:00:00,0.53590393,1.533783,295.81195,297.4806,0.0,0.029907227,0.013946533,0.0,3.5999988e-12,5112.0
2025-05-21 17:00:00,0.7011566,1.2485809,295.7614,296.9458,0.0,0.0060424805,0.0076904297,0.0,3.5999988e-12,2418.0
2025-05-21 18:00:00,0.727478,1.2927399,295.72595,296.7069,0.0,0.022521973,0.0,0.0,3.5999988e-12,2304.0
2025-05-21 19:00:00,1.0128937,1.3976746,295.9131,296.50073,0.0093688965,0.48324585,0.0,0.0,3.5999988e-12,5691.0
2025-05-21 20:00:00,1.0894318,0.3012848,295.63525,295.94275,0.096954346,1.0,0.0,0.0,3.5999988e-12,-5763.0
2025-05-21 21:00:00,0.27719116,-0.8609619,295.22913,295.78796,0.59347534,1.0,0.0,0.0,64.0,-11215.0
2025-05-21 22:00:00,-0.35585022,-0.5623169,295.44293,297.05994,0.6951904,1.0,0.0,4.7683716e-07,123136.0,-55110.0
2025-05-21 23:00:00,-0.57780457,-0.4854889,295.97266,297.74072,0.75683594,1.0,0.0,0.0,440704.0,-124922.0
2025-05-22 00:00:00,-0.6610565,-0.60723877,296.6969,299.17578,0.4418335,0.5331421,0.0,4.7683716e-07,965248.0,-202699.0
2025-05-22 01:00:00,-1.5534363,-1.3824921,296.9309,299.9724,0.048919678,0.054016113,0.0,4.7683716e-07,1664256.0,-335536.0
2025-05-22 02:00:00,-2.972046,-2.0205536,296.536,301.1438,0.0,0.07376099,0.0,1.859665e-05,2178368.0,-464494.0
2025-05-22 03:00:00,-4.0345917,-1.5710907,296.7467,301.10083,0.16485596,0.18899536,0.0,1.7166138e-05,1953664.0,-443343.0
2025-05-22 04:00:00,-4.4923706,-0.8652191,296.70422,301.14185,0.6730957,0.15908813,0.0,1.2397766e-05,2388160.0,-571150.0
2025-05-22 05:00:00,-4.5848846,0.19329834,296.28094,301.1189,0.7510376,0.32199097,0.0,1.6212463e-05,2326016.0,-577137.0
2025-05-22 06:00:00,-4.2211304,1.5589905,296.12775,300.82422,0.8312073,0.3143921,0.0,1.9073486e-05,2044352.0,-499881.0
2025-05-22 07:00:00,-4.241226,1.5045776,296.04822,300.26685,0.8469238,0.23956299,0.0,9.536743e-07,2026880.0,-473111.0
2025-05-22 08:00:00,-3.8495026,1.7390289,295.4344,298.9292,0.7605896,0.055999756,0.0,0.0,1479872.0,-339022.0
2025-05-22 09:00:00,-3.0440521,1.918808,295.18475,298.37012,0.9923096,0.031188965,0.0,0.0,1016320.0,-201120.0
2025-05-22 10:00:00,-3.0015259,1.1143951,294.44763,296.75916,0.96499634,0.09613037,0.0,0.0,413696.0,-52254.0
2025-05-22 11:00:00,-2.8326569,1.0048981,294.41522,296.23877,1.0,0.24661255,0.0,0.0,65600.0,25327.0
2025-05-22 12:00:00,-3.0779724,1.0575104,294.35388,295.99963,1.0,0.6324463,0.043029785,0.0,3.5999988e-12,28445.0
2025-05-22 13:00:00,-3.5791626,1.0011597,294.47882,295.93054,1.0,0.94680786,0.048095703,0.0,3.5999988e-12,23076.0
2025-05-22 14:00:00,-3.7935028,0.66464233,294.4431,295.19336,1.0,0.9718628,0.0,0.0,3.5999988e-12,23175.0
2025-05-22 15:00:00,-3.6684875,0.864563,294.52197,295.2248,1.0,1.0,0.05899048,0.0,3.5999988e-12,11354.0
2025-05-22 16:00:00,-4.2776337,1.247406,294.33936,295.16583,1.0,1.0,0.16873169,0.0,3.5999988e-12,5891.0
2025-05-22 17:00:00,-4.379776,1.7167358,294.05054,295.01318,1.0,1.0,0.8963623,0.0,3.5999988e-12,-9218.0
2025-05-22 18:00:00,-4.6696625,1.7289429,293.9159,294.95612,1.0,1.0,1.0,0.0,3.5999988e-12,-18573.0
2025-05-22 19:00:00,-4.6615295,1.6435242,293.9154,294.7898,1.0,1.0,1.0,0.0011076927,3.5999988e-12,-6929.0
2025-05-22 20:00:00,-4.807968,1.2858887,293.71936,294.48935,1.0,1.0,1.0,0.0019760132,3.5999988e-12,-7973.0
2025-05-22 21:00:00,-5.5281067,1.3030701,293.50354,294.2161,1.0,1.0,0.99697876,0.0027403831,3.5999988e-12,-9470.0
2025-05-22 22:00:00,-5.720413,0.51820374,293.33163,293.95712,0.99383545,0.54293823,1.0,0.0029420853,9280.0,-9406.0
2025-05-22 23:00:00,-6.434845,1.0409393,293.37122,293.82855,1.0,1.0,1.0,0.0029144287,18240.0,1384.0
2025-05-23 00:00:00,-6.5333557,1.2957458,293.30774,293.90936,1.0,1.0,1.0,0.0050296783,51648.0,1819.0
2025-05-23 01:00:00,-6.2145233,1.0518494,293.11627,293.97906,0.9968567,1.0,0.99313354,0.009462357,78528.0,6054.0
2025-05-23 02:00:00,-5.688919,-0.18278503,293.43823,294.63678,0.9807129,1.0,0.93652344,0.008640289,205888.0,-9363.0
2025-05-23 03:00:00,-5.4718018,-1.6454468,293.83618,295.17395,0.9630127,1.0,0.9909363,0.0050697327,473984.0,-54468.0
2025-05-23 04:00:00,-5.4888763,-2.8939514,293.72095,294.65234,0.95373535,1.0,1.0,0.0014314651,196864.0,-13043.0
2025-05-23 05:00:00,-5.168289,-3.8835602,292.93726,293.7901,0.9533081,1.0,1.0,0.00041389465,238912.0,-37672.0
2025-05-23 06:00:00,-4.996887,-4.3268585,292.68414,293.71558,0.5951233,1.0,1.0,3.9577484e-05,375680.0,-75215.0
2025-05-23 07:00:00,-4.554184,-4.4662933,292.66882,294.43658,0.6813965,1.0,1.0,0.0010499954,160128.0,1072.0
2025-05-23 08:00:00,-4.478241,-4.880356,292.2155,294.00488,0.49801636,1.0,0.9968567,0.00022506714,172544.0,-3482.0
2025-05-23 09:00:00,-3.2603455,-5.617859,292.07156,293.8785,0.38635254,1.0,0.824646,3.8146973e-05,176384.0,-8453.0
2025-05-23 10:00:00,-0.87442017,-6.3636017,291.94086,293.2688,0.6118469,1.0,1.0,7.05719e-05,83584.0,19336.0
2025-05-23 11:00:00,-0.5429535,-6.1537323,291.83044,293.20322,0.42077637,0.9807739,1.0,1.2874603e-05,15680.0,22935.0
2025-05-23 12:00:00,0.7864227,-5.5603333,291.798,293.2385,0.7605896,1.0,0.9968567,1.9073486e-06,3.5999988e-12,19961.0
2025-05-23 13:00:00,1.2415466,-6.187912,291.54752,292.88956,0.42889404,1.0,0.9517517,1.4305115e-06,3.5999988e-12,11487.0
2025-05-23 14:00:00,1.4299469,-6.7698975,291.0115,292.48175,0.0,1.0,0.5977478,5.722046e-06,3.5999988e-12,4696.0
2025-05-23 15:00:00,1.8827515,-6.8761444,291.23706,292.69324,0.2454834,1.0,0.4449768,5.722046e-06,3.5999988e-12,406.0
2025-05-23 16:00:00,1.8714905,-6.621628,290.99542,292.57867,0.26672363,1.0,0.28445435,3.8146973e-06,3.5999988e-12,355.0
2025-05-23 17:00:00,1.8966064,-6.2244873,290.09735,292.22992,0.888031,1.0,0.10494995,3.8146973e-06,3.5999988e-12,-2846.0
2025-05-23 18:00:00,1.8779297,-5.904312,289.7699,292.00037,0.98324585,0.984375,0.09286499,4.7683716e-07,3.5999988e-12,-3424.0
2025-05-23 19:00:00,2.009903,-5.6543884,289.10968,292.01657,0.7637329,0.78585815,0.14715576,7.247925e-05,3.5999988e-12,3970.0
2025-05-23 20:00:00,2.4342194,-5.1026917,288.03833,291.84622,0.9013672,0.4701233,0.4670105,2.9563904e-05,3.5999988e-12,15570.0
2025-05-23 21:00:00,2.9932861,-4.740204,287.6717,291.93744,0.8296814,0.45928955,0.9486084,1.7642975e-05,128.0,31528.0
2025-05-23 22:00:00,3.2649536,-4.722473,288.02515,292.67398,0.9809265,0.63513184,1.0,3.4332275e-05,75968.0,5890.0
2025-05-23 23:00:00,3.3439941,-5.184601,287.9356,292.51437,0.9767761,0.2857666,0.9749756,5.2452087e-06,226752.0,-39355.0
2025-05-24 00:00:00,3.4151306,-4.9760284,287.7066,292.59668,0.9413452,0.32946777,0.49279785,0.0,741568.0,-165643.0
2025-05-24 01:00:00,3.5263977,-4.9342804,287.41467,292.9716,0.8796692,0.38613892,0.010009766,0.0,1330176.0,-348798.0
2025-05-24 02:00:00,3.200882,-5.1177826,286.74713,294.76947,0.3972473,0.29241943,0.0,0.0,1511680.0,-384561.0
2025-05-24 03:00:00,2.7091064,-5.229065,286.4408,295.3357,0.23275757,0.21966553,0.0,0.0,2269888.0,-580072.0
2025-05-24 04:00:00,2.4764252,-5.847229,286.4627,295.9347,0.3072815,0.3876953,0.04324341,0.0,2494208.0,-608626.0
2025-05-24 05:00:00,2.2127228,-5.6283875,285.8584,296.72754,0.525177,0.46139526,0.37020874,0.0,2300032.0,-497113.0
2025-05-24 06:00:00,2.2378998,-5.5433655,285.4671,296.41602,0.6427307,0.65093994,0.4847107,0.0,1742080.0,-292595.0
2025-05-24 07:00:00,1.9384003,-5.5499725,285.08026,296.68433,0.28103638,0.5390625,0.69992065,0.0,1522880.0,-166316.0
2025-05-24 08:00:00,0.9790802,-5.449997,285.034,296.40295,0.0,0.24560547,0.8732605,1.9073486e-06,1298240.0,-107280.0
2025-05-24 09:00:00,-0.067611694,-4.7892914,285.5105,296.22852,0.124176025,0.057861328,0.8350525,0.0,580352.0,21979.0
2025-05-24 10:00:00,-0.46499634,-3.680191,286.273,293.78082,0.52371216,0.018554688,0.84942627,0.0,275456.0,49933.0
2025-05-24 11:00:00,0.022064209,-3.2779846,285.97205,293.8769,0.94055176,0.052215576,0.8319702,0.0,54400.0,60435.0
2025-05-24 12:00:00,0.48188782,-2.9487457,285.7422,293.00073,1.0,0.0030212402,0.6045227,0.0,3.5999988e-12,86759.0
2025-05-24 13:00:00,0.7535248,-2.258133,286.0235,292.8059,1.0,0.0,0.1531372,0.0,3.5999988e-12,65395.0
2025-05-24 14:00:00,0.81388855,-2.089203,286.7343,291.66144,0.98187256,0.0,0.065979004,0.0,3.5999988e-12,35614.0
2025-05-24 15:00:00,0.852829,-1.9220886,286.8276,291.05078,1.0,0.0,0.047424316,0.0,3.5999988e-12,25086.0
2025-05-24 16:00:00,0.8147125,-1.9097137,287.11276,291.19843,0.99313354,0.0,0.016052246,0.0,3.5999988e-12,25731.0
2025-05-24 17:00:00,0.84851074,-1.7891998,287.323,290.62024,1.0,0.0,0.010009766,0.0,3.5999988e-12,27524.0
2025-05-24 18:00:00,1.1454468,-1.6166077,287.14813,290.80493,1.0,0.0,0.0,0.0,3.5999988e-12,34073.0
2025-05-24 19:00:00,1.4475403,-1.1573944,287.25385,290.98328,1.0,0.0,0.0,0.0,3.5999988e-12,19201.0
2025-05-24 20:00:00,1.6438904,-0.8681183,287.23254,290.71716,0.9968567,0.0,0.0,0.0,3.5999988e-12,18591.0
2025-05-24 21:00:00,1.7214813,-0.9391327,287.28058,290.35132,0.9906311,0.0,0.0,0.0,192.0,19911.0
2025-05-24 22:00:00,1.911789,-1.4606323,287.90753,292.94305,0.844635,0.0,0.0,0.0,142016.0,11793.0
2025-05-24 23:00:00,1.5154877,-1.6059723,287.52704,293.73825,0.9237366,0.0,0.0,0.0,586240.0,-33625.0
2025-05-25 00:00:00,1.3690643,-1.8722687,287.40283,294.36694,0.71868896,0.0,0.0,0.0,1034112.0,-105954.0
2025-05-25 01:00:00,1.10672,-2.3023224,286.22284,295.43286,0.86361694,0.0,0.0,0.0,1893312.0,-255349.0
2025-05-25 02:00:00,0.24409485,-2.9032593,283.7467,298.02295,0.9968567,0.0,0.0,0.0,2312704.0,-329223.0
2025-05-25 03:00:00,-0.73838806,-3.0128784,283.85547,298.06824,0.6469116,0.0,0.0,0.0,2548736.0,-374178.0
2025-05-25 04:00:00,-1.2370605,-2.9051056,284.29224,298.16882,0.9060364,0.0,0.0,0.0,2350592.0,-322835.0
2025-05-25 05:00:00,-2.0251007,-2.341034,284.2616,298.313,0.45611572,0.0,0.0,0.0,2312000.0,-322257.0
2025-05-25 06:00:00,-2.5038605,-1.891861,284.739,297.9873,0.25784302,0.0,0.0,0.0,2018240.0,-259316.0
2025-05-25 07:00:00,-3.0658875,-1.4082642,285.2533,297.91052,1.0,0.0,0.0,0.0,2317760.0,-311621.0
2025-05-25 08:00:00,-3.286377,-0.7827759,285.09863,297.01123,0.957489,0.0,0.0,0.0,1624832.0,-172040.0
2025-05-25 09:00:00,-3.2163239,-0.31422424,285.09167,296.71838,0.9961548,0.0,0.0,0.0,981760.0,-47798.0
2025-05-25 10:00:00,-2.8694763,0.28308105,285.78113,294.4842,0.9937439,0.0,0.0,0.0,384448.0,38774.0
2025-05-25 11:00:00,-2.4212952,0.36909485,286.70422,294.0808,0.9729004,0.0,0.0,0.0,59008.0,64004.0
2025-05-25 12:00:00,-1.8115997,0.4586792,286.78424,293.58307,0.98373413,0.0,0.0,0.0,3.5999988e-12,45439.0
2025-05-25 13:00:00,-1.5961761,0.8256378,286.9369,292.98755,0.9968567,0.0,0.0,0.0,3.5999988e-12,31042.0
2025-05-25 14:00:00,-1.2286987,0.92396545,287.24847,291.28455,0.99383545,0.0,0.0,0.0,3.5999988e-12,23706.0
2025-05-25 15:00:00,-0.9486389,1.1738434,287.00635,290.89062,0.98324585,0.0,0.0,0.0,3.5999988e-12,13897.0
2025-05-25 16:00:00,-1.0210724,1.2783356,287.18127,291.26172,0.9569702,0.0,0.0,0.0,3.5999988e-12,9829.0
2025-05-25 17:00:00,-0.8516388,1.3423615,287.48615,290.2616,1.0,0.0,0.0,0.0,3.5999988e-12,13365.0
2025-05-25 18:00:00,-0.5191803,1.5720673,287.47382,290.15967,1.0,0.0,0.0,0.0,3.5999988e-12,13708.0
2025-05-25 19:00:00,-0.7050171,1.8000793,287.3451,290.06616,1.0,0.0,0.0,0.0,3.5999988e-12,19249.0
2025-05-25 20:00:00,-1.0495758,1.6564789,287.46872,289.6825,1.0,0.0,0.0,0.0,3.5999988e-12,12339.0
2025-05-25 21:00:00,-1.4350891,1.4740295,287.24597,289.6322,0.9968567,0.0,0.0,0.0,256.0,10354.0
2025-05-25 22:00:00,-1.306778,0.6232147,287.99292,292.65137,0.8022461,0.0,0.0,0.0,163776.0,7995.0
2025-05-25 23:00:00,-2.0652313,0.9272766,286.85553,293.52625,0.48312378,0.0,0.0,0.0,639360.0,-40041.0
2025-05-26 00:00:00,-2.3888855,1.3031616,286.58566,293.8156,0.31027222,0.0,0.0,0.0,1269888.0,-168089.0
2025-05-26 01:00:00,-2.346939,1.357544,286.38962,294.214,0.23641968,0.0,0.0,0.0,1942080.0,-323541.0
2025-05-26 02:00:00,-2.606842,1.5949554,285.70276,297.08752,0.10922241,0.0,0.0,0.0,2510336.0,-456668.0
2025-05-26 03:00:00,-2.8793335,1.9589386,285.75897,297.66418,0.009063721,0.0,0.0031433105,0.0,2868544.0,-541190.0
2025-05-26 04:00:00,-3.0332336,2.2253876,285.68427,297.80078,0.0,0.0,0.010009766,0.0,3024192.0,-581454.0
2025-05-26 05:00:00,-3.2194977,2.569458,284.92786,298.9077,0.0,0.0,0.01687622,0.0,2998016.0,-580675.0
2025-05-26 06:00:00,-3.1509552,2.9682465,284.90247,298.87305,0.0,0.0,0.033966064,0.0,2767616.0,-524580.0
2025-05-26 07:00:00,-2.7690735,3.0497894,284.98816,298.63818,0.0,0.0,0.02999878,0.0,2345792.0,-401283.0
2025-05-26 08:00:00,-2.535736,2.985138,285.51624,297.714,0.0,0.0,0.040008545,0.0,1804864.0,-255718.0
2025-05-26 09:00:00,-2.493332,3.0342712,286.01355,297.38232,0.0,0.0,0.0038452148,0.0,1089280.0,-84051.0
2025-05-26 10:00:00,-1.6752014,2.366623,286.50122,294.66833,0.0031433105,0.0,0.02331543,0.0,548160.0,19743.0
2025-05-26 11:00:00,-2.004303,2.2875214,287.72162,293.88623,0.06906128,0.0,0.013946533,0.0,86976.0,87665.0
2025-05-26 12:00:00,-2.264801,2.3280487,287.93463,293.56622,0.006164551,0.0,0.013122559,0.0,3.5999988e-12,87316.0
2025-05-26 13:00:00,-2.3181915,2.4700623,288.03198,293.28705,0.0,0.0,0.013122559,0.0,3.5999988e-12,88694.0
2025-05-26 14:00:00,-2.4580383,2.3615112,288.2473,292.85187,0.012084961,0.0,0.019989014,0.0,3.5999988e-12,91927.0
2025-05-26 15:00:00,-2.6448975,2.2452698,288.2409,292.77197,0.32913208,0.0,0.010009766,0.0,3.5999988e-12,88131.0
2025-05-26 16:00:00,-2.491272,2.194687,288.48132,293.073,0.6494446,0.0,0.01626587,0.0,3.5999988e-12,85690.0
2025-05-26 17:00:00,-2.607605,2.3719025,288.74634,292.2749,0.93688965,0.0,0.010009766,0.0,3.5999988e-12,83637.0
2025-05-26 18:00:00,-2.3926392,2.4612122,288.89606,292.2113,1.0,0.0,0.006164551,0.0,3.5999988e-12,79034.0
2025-05-26 19:00:00,-2.2339783,2.574997,288.93964,292.15375,1.0,0.0030212402,0.01687622,0.0,3.5999988e-12,75041.0
2025-05-26 20:00:00,-2.3140411,2.4996948,289.29153,291.779,1.0,0.010009766,0.0138549805,0.0,3.5999988e-12,76452.0
2025-05-26 21:00:00,-2.2364502,2.3354034,289.3427,291.6624,1.0,0.0,0.010009766,0.0,384.0,74603.0
2025-05-26 22:00:00,-2.3768005,2.527237,289.09613,293.90286,0.97872925,0.0,0.0031433105,0.0,146112.0,38452.0
2025-05-26 23:00:00,-3.2940521,3.171753,288.74426,294.35382,0.92077637,0.0,0.019989014,0.0,637312.0,-60372.0
2025-05-27 00:00:00,-3.2041626,3.4407349,288.2955,294.8465,0.9521179,0.0,0.013946533,0.0,1333568.0,-239472.0
2025-05-27 01:00:00,-3.0639954,3.3132172,287.8902,295.27118,0.98916626,0.0031433105,0.0,0.0,1942272.0,-401252.0
2025-05-27 02:00:00,-3.268814,3.4554596,286.89044,297.46008,1.0,0.0,0.0,0.0,2380736.0,-515672.0
2025-05-27 03:00:00,-3.130661,3.4701538,286.86438,297.6106,1.0,0.0,0.0,0.0,2566080.0,-562889.0
2025-05-27 04:00:00,-3.5981293,3.467575,286.5359,297.74097,1.0,0.0,0.0,0.0,2719872.0,-597405.0
2025-05-27 05:00:00,-3.9148102,3.2911072,286.25403,298.6725,0.9666443,0.0,0.0,0.0,2743296.0,-602591.0
2025-05-27 06:00:00,-4.026825,3.1819153,285.8977,298.719,0.69470215,0.0,0.0,0.0,2599936.0,-555415.0
2025-05-27 07:00:00,-4.1481934,3.174286,285.84998,298.44324,0.40649414,0.0,0.0,0.0,2325248.0,-444611.0
2025-05-27 08:00:00,-4.030594,3.220932,286.43127,297.19153,1.0,0.0,0.0,0.0,1782592.0,-274962.0
2025-05-27 09:00:00,-3.8275604,2.8883972,286.7406,296.77844,1.0,0.0,0.0,0.0,1057024.0,-84512.0
2025-05-27 10:00:00,-3.2041168,2.1947174,287.85687,294.66754,1.0,0.0,0.0,0.0,404544.0,39549.0
2025-05-27 11:00:00,-3.7694397,1.9645538,287.94666,294.2813,1.0,0.0,0.0,0.0,62912.0,86104.0
2025-05-27 12:00:00,-3.8653564,2.082901,288.01465,294.41614,1.0,0.0,0.10650635,0.0,3.5999988e-12,90044.0
2025-05-27 13:00:00,-3.6878204,2.2795258,288.19122,294.32623,1.0,0.0,0.24105835,0.0,3.5999988e-12,96073.0
2025-05-27 14:00:00,-3.6781464,2.2184448,288.02295,293.88232,1.0,0.0,0.033203125,0.0,3.5999988e-12,97254.0
2025-05-27 15:00:00,-3.7886047,2.22818,287.87805,293.91388,1.0,0.0,0.0038452148,0.0,3.5999988e-12,94748.0
2025-05-27 16:00:00,-3.6247864,2.3339844,287.96396,293.89102,1.0,0.0,0.0,0.0,3.5999988e-12,98990.0
2025-05-27 17:00:00,-3.4035645,2.4856567,287.98148,293.3579,1.0,0.0,0.0,0.0,3.5999988e-12,91817.0
2025-05-27 18:00:00,-3.3523865,2.5764465,287.98828,293.29633,1.0,0.0,0.299469,0.0,3.5999988e-12,92169.0
2025-05-27 19:00:00,-3.1725006,2.527954,288.073,293.3955,1.0,0.0,0.74624634,0.0,3.5999988e-12,72654.0
2025-05-27 20:00:00,-3.24411,2.4761658,287.96927,293.31763,1.0,0.0,0.81933594,0.0,3.5999988e-12,77416.0
2025-05-27 21:00:00,-3.1692657,2.3672333,287.97247,293.29248,1.0,0.0,0.96533203,0.0,256.0,80684.0
2025-05-27 22:00:00,-2.8750305,1.6366577,287.89734,294.37848,1.0,0.0,0.9923096,0.0,68288.0,65697.0
2025-05-27 23:00:00,-3.2633667,1.4993439,288.04514,294.4036,1.0,0.0062561035,1.0,0.0,228160.0,35415.0
2025-05-28 00:00:00,-3.7537384,2.4634857,287.623,294.61258,1.0,0.0,1.0,0.0,521152.0,-28697.0
2025-05-28 01:00:00,-3.9477844,2.8720245,287.37634,294.7945,1.0,0.0,0.9720459,0.0,829632.0,-94586.0
2025-05-28 02:00:00,-4.0341797,2.9115448,287.3869,295.59735,1.0,0.0038452148,0.73617554,0.0,1028992.0,-141549.0
2025-05-28 03:00:00,-3.9850922,2.7174377,286.84827,296.08228,1.0,0.0,0.38098145,0.0,1637120.0,-307117.0
2025-05-28 04:00:00,-3.8782196,2.6461792,286.92737,295.83862,1.0,0.0,0.30233765,0.0,1262464.0,-185517.0
2025-05-28 05:00:00,-3.622467,2.9337158,286.84015,296.36145,1.0,0.0,0.27816772,0.0,1559616.0,-271705.0
2025-05-28 06:00:00,-3.2225952,2.9773865,286.77728,296.5055,1.0,0.0,0.26000977,0.0,1678592.0,-297632.0
2025-05-28 07:00:00,-3.2149506,2.6358643,287.0003,296.44177,1.0,0.0,0.0,0.0,1471872.0,-232635.0
2025-05-28 08:00:00,-3.132721,2.1752625,287.12524,295.38385,1.0,0.0,0.0,0.0,975232.0,-104592.0
2025-05-28 09:00:00,-3.2828217,1.5991669,287.63245,295.0622,1.0,0.0,0.0,0.0,444032.0,3458.0
2025-05-28 10:00:00,-3.1365814,0.87309265,288.44824,293.43484,1.0,0.0,0.0,0.0,167168.0,41723.0
2025-05-28 11:00:00,-3.207611,0.93559265,288.8128,293.17502,1.0,0.0,0.0,0.0,33984.0,60140.0
2025-05-28 12:00:00,-2.996811,1.2580566,289.247,292.94476,1.0,0.0,0.0,0.0,3.5999988e-12,64284.0
2025-05-28 13:00:00,-2.4684448,1.3706818,289.4323,293.12036,0.8779907,0.0,0.0,0.0,3.5999988e-12,65188.0
2025-05-28 14:00:00,-1.7609406,1.237854,289.57556,292.247,0.24298096,0.0,0.0,0.0,3.5999988e-12,60709.0
2025-05-28 15:00:00,-1.0389557,1.1035919,289.83038,292.3766,0.018127441,0.0,0.018127441,0.0,3.5999988e-12,43378.0
2025-05-28 16:00:00,-0.6158142,1.5919495,289.76123,292.19135,0.0,0.0,0.04232788,0.0,3.5999988e-12,22136.0
2025-05-28 17:00:00,-0.06578064,1.5825653,289.8482,291.4347,0.0,0.0,0.009063721,0.0,3.5999988e-12,15356.0
2025-05-28 18:00:00,0.28912354,1.5237427,289.52722,291.21875,0.0,0.0,0.0,0.0,3.5999988e-12,12294.0
2025-05-28 19:00:00,0.6202545,1.8400574,289.7381,291.66492,0.0,0.0,0.0,0.0,3.5999988e-12,11785.0
2025-05-28 20:00:00,0.78234863,0.86402893,289.96503,291.9375,0.0,0.0,0.0,0.0,3.5999988e-12,-3098.0
2025-05-28 21:00:00,0.3201599,-0.6513214,289.9803,291.34167,0.0,0.0,0.0,0.0,576.0,-4809.0
2025-05-28 22:00:00,-0.015960693,-0.8837738,290.0948,293.2978,0.0,0.0076904297,0.0,0.0,190080.0,-6237.0
2025-05-28 23:00:00,-0.4861145,-1.2533875,289.52356,294.27222,0.0,0.019226074,0.0,0.0,715008.0,-82292.0
2025-05-29 00:00:00,-0.85505676,-1.5752716,289.71625,294.73804,0.0,0.073150635,0.0,0.0,1353024.0,-228661.0
2025-05-29 01:00:00,-1.4651337,-1.6575623,289.6784,295.30072,0.0,0.119628906,0.0,0.0,1968256.0,-403404.0
2025-05-29 02:00:00,-1.819931,-1.4222107,289.41357,297.43848,0.0,0.23962402,0.0,0.0,2441920.0,-525524.0
2025-05-29 03:00:00,-1.8939514,-1.2543182,289.195,297.69214,0.0,0.18908691,0.0,0.0,2809088.0,-611357.0
2025-05-29 04:00:00,-2.0488129,-1.0569763,289.04187,297.901,0.0,0.11236572,0.11071777,0.0,3030976.0,-656063.0
2025-05-29 05:00:00,-2.2203064,-0.95274353,288.0736,298.9187,0.0,0.048583984,0.058502197,0.0,3005696.0,-634263.0
2025-05-29 06:00:00,-2.2893372,-0.8143616,288.0448,298.89575,0.0,0.0115356445,0.028137207,0.0,2775744.0,-556914.0
2025-05-29 07:00:00,-2.271637,-0.57862854,287.81262,298.74658,0.0,0.0,0.0062561035,0.0,2319552.0,-417355.0
2025-05-29 08:00:00,-2.6523743,-0.33129883,288.27148,298.50488,0.0,0.0,0.0031433105,0.0,1766464.0,-276459.0
2025-05-29 09:00:00,-3.1884003,-0.0014343262,288.76028,297.72485,0.0,0.0,0.0,0.0,1174912.0,-136492.0
2025-05-29 10:00:00,-3.272293,0.3701477,289.89606,295.4668,0.0,0.0093688965,0.0,0.0,553536.0,-9049.0
2025-05-29 11:00:00,-3.035736,0.5635071,290.66095,295.18408,0.0,0.0062561035,0.0031433105,0.0,93312.0,64026.0
2025-05-29 12:00:00,-2.4986877,0.6872864,290.87518,294.70386,0.0,0.0062561035,0.0031433105,0.0,3.5999988e-12,59571.0
2025-05-29 13:00:00,-1.8019409,0.52456665,290.59027,294.7907,0.0,0.0062561035,0.0,0.0,3.5999988e-12,43323.0
2025-05-29 14:00:00,-1.6421509,0.3201294,290.2873,293.25977,0.0,0.0,0.0,0.0,3.5999988e-12,32375.0
2025-05-29 15:00:00,-1.6186218,0.26348877,290.0818,293.13373,0.0,0.0,0.0,0.0,3.5999988e-12,22885.0
2025-05-29 16:00:00,-2.0169525,0.47477722,289.64197,292.91113,0.0,0.0,0.0,0.0,3.5999988e-12,16340.0
2025-05-29 17:00:00,-1.8007965,0.716568,289.29688,292.06433,0.0,0.0,0.0,0.0,3.5999988e-12,8712.0
2025-05-29 18:00:00,-1.3556519,0.8014679,289.55408,292.5952,0.0,0.0,0.0,0.0,3.5999988e-12,5614.0
2025-05-29 19:00:00,-0.9183502,0.52867126,289.56256,292.45538,0.0,0.0,0.0,0.0,3.5999988e-12,2589.0
2025-05-29 20:00:00,-0.6115265,-0.07823181,289.43402,291.987,0.0,0.0,0.0,0.0,3.5999988e-12,-2604.0
2025-05-29 21:00:00,-0.6531067,0.09414673,289.59692,291.0266,0.0,0.36947632,0.0,0.0,640.0,-3842.0
2025-05-29 22:00:00,-0.76612854,0.4501953,290.54272,293.57068,0.0,0.28408813,0.0,0.0,196160.0,-10608.0
2025-05-29 23:00:00,-0.8526764,0.5667114,290.26514,294.41168,0.0,0.0,0.0,0.0,656640.0,-118389.0
2025-05-30 00:00:00,-0.6441345,0.86779785,288.94995,294.9557,0.0,0.0,0.0,0.0,1220096.0,-184177.0
2025-05-30 01:00:00,-0.67723083,0.9879608,288.51685,295.5476,0.0,0.0,0.0,0.0,2006976.0,-326198.0
2025-05-30 02:00:00,-0.7983856,0.98358154,287.43982,298.8512,0.0,0.0,0.0,0.0,2513152.0,-426943.0
2025-05-30 03:00:00,-0.82688904,0.8156433,287.57507,299.51843,0.0,0.0,0.0,0.0,2872320.0,-503178.0
2025-05-30 04:00:00,-1.368454,0.85298157,287.60913,299.79346,0.0,0.0,0.0,0.0,3046848.0,-533385.0
2025-05-30 05:00:00,-2.023697,1.2350311,286.65466,300.69263,0.0,0.0,0.0,0.0,3017600.0,-525527.0
2025-05-30 06:00:00,-2.052063,1.5027466,286.7522,300.75122,0.18014526,0.0,0.0,0.0,2787136.0,-474591.0
2025-05-30 07:00:00,-2.2895813,1.7767487,286.807,300.5288,0.5201416,0.0,0.0,0.0,2373120.0,-362149.0
2025-05-30 08:00:00,-2.7595062,2.0341797,287.17908,299.73438,0.9527283,0.0,0.0,0.0,1823360.0,-230327.0
2025-05-30 09:00:00,-2.9089966,2.1942291,287.2561,298.9475,0.9397888,0.0,0.0,0.0,1186112.0,-93316.0
2025-05-30 10:00:00,-2.2449799,2.0099335,287.5254,296.41553,1.0,0.0,0.0,0.0,563456.0,22311.0
2025-05-30 11:00:00,-2.44693,2.0686798,287.97156,295.58533,1.0,0.0,0.0,0.0,96256.0,79984.0
2025-05-30 12:00:00,-2.6193237,2.327011,288.69745,295.35962,1.0,0.0,0.0,0.0,3.5999988e-12,73971.0
2025-05-30 13:00:00,-2.8053741,2.435852,288.83124,295.35474,1.0,0.0,0.0,0.0,3.5999988e-12,73218.0
2025-05-30 14:00:00,-2.633194,2.493515,288.6499,294.29327,0.9961548,0.0,0.0,0.0,3.5999988e-12,71111.0
2025-05-30 15:00:00,-2.4581604,2.709259,288.63953,294.207,1.0,0.0,0.0,0.0,3.5999988e-12,71051.0
2025-05-30 16:00:00,-2.3979492,2.9677124,288.79883,294.33624,1.0,0.0,0.0,0.0,3.5999988e-12,74110.0
2025-05-30 17:00:00,-2.174408,3.0986176,288.1034,293.23413,0.984375,0.0,0.0,0.0,3.5999988e-12,80301.0
2025-05-30 18:00:00,-1.8803406,3.1717377,288.0692,293.4524,0.9257202,0.0,0.0,0.0,3.5999988e-12,80799.0
2025-05-30 19:00:00,-1.9500275,3.2610626,288.15393,293.47736,0.980011,0.0,0.0,0.0,3.5999988e-12,95177.0
2025-05-30 20:00:00,-1.9607544,3.218689,288.4325,292.7248,0.9768677,0.0,0.0,0.0,3.5999988e-12,94856.0
2025-05-30 21:00:00,-1.882019,3.3011017,288.6244,292.78906,0.9732361,0.0,0.0,0.0,640.0,97975.0
2025-05-30 22:00:00,-1.7960052,3.3450012,288.68756,294.96945,0.9768677,0.0,0.0,0.0,157824.0,51136.0
2025-05-30 23:00:00,-2.521881,3.7140045,288.4671,295.23315,0.89508057,0.0,0.0,0.0,544256.0,-40779.0
2025-05-31 00:00:00,-2.2009125,4.436615,288.11182,295.43994,0.9385681,0.0,0.0,0.0,1038912.0,-160681.0
2025-05-31 01:00:00,-2.827591,4.86644,287.76587,296.10657,0.9961548,0.0,0.0,0.0,1791872.0,-335403.0
2025-05-31 02:00:00,-3.524063,5.220093,287.04504,298.78674,0.9968567,0.0,0.0,0.0,2233280.0,-454262.0
2025-05-31 03:00:00,-3.22081,5.23201,286.5039,298.72363,0.98010254,0.0,0.0,0.0,2495808.0,-534674.0
2025-05-31 04:00:00,-3.7704468,5.479004,286.4961,299.00513,1.0,0.0,0.14468384,0.0,2616832.0,-587280.0
2025-05-31 05:00:00,-3.8451233,4.556122,288.2533,298.52795,1.0,0.0,0.6011658,0.0,2072000.0,-432332.0
2025-05-31 06:00:00,-4.0590973,3.8743134,288.85205,298.26868,1.0,0.0,0.68395996,0.0,1367296.0,-280881.0
2025-05-31 07:00:00,-4.45166,4.317337,289.4812,297.6582,0.99313354,0.0,0.63775635,0.0,856384.0,-182691.0
2025-05-31 08:00:00,-4.677704,4.344803,290.57602,296.1729,1.0,0.0,0.7715454,0.0,786496.0,-159679.0
2025-05-31 09:00:00,-4.2276306,3.8204346,290.61218,295.76013,1.0,0.0,0.99313354,0.0,427712.0,-41531.0
2025-05-31 10:00:00,-3.5563507,3.6282043,289.958,294.8688,0.99697876,0.0,0.9845886,0.0,87872.0,40623.0
2025-05-31 11:00:00,-3.9804077,4.107498,289.88422,294.93332,1.0,0.0,1.0,0.0,14080.0,59315.0
2025-05-31 12:00:00,-4.1542664,4.855835,289.80093,294.86377,1.0,0.0,1.0,8.106232e-06,3.5999988e-12,65966.0
2025-05-31 13:00:00,-3.3723907,4.9141846,289.92117,294.89053,1.0,0.0,1.0,8.392334e-05,3.5999988e-12,80734.0
2025-05-31 14:00:00,-3.2698975,4.7404327,290.87628,293.7011,1.0,0.0,1.0,0.00041675568,3.5999988e-12,126116.0
2025-05-31 15:00:00,-3.5001068,4.5224304,290.99216,293.08264,1.0,0.0,1.0,0.0011057854,3.5999988e-12,175195.0
2025-05-31 16:00:00,-4.368973,4.614975,291.151,292.976,1.0,0.009063721,1.0,0.0012698174,3.5999988e-12,186194.0
2025-05-31 17:00:00,-4.7956543,5.1783905,291.1253,292.79504,1.0,0.21240234,1.0,0.0013585091,3.5999988e-12,182289.0
2025-05-31 18:00:00,-5.069397,5.2155,291.01672,292.7129,1.0,1.0,1.0,0.0016822815,3.5999988e-12,183637.0
2025-05-31 19:00:00,-5.4065247,4.7057037,290.55884,292.35602,1.0,1.0,1.0,0.0016832352,3.5999988e-12,171466.0
2025-05-31 20:00:00,-5.592819,4.413788,289.71765,291.70618,1.0,1.0,1.0,0.0015907288,3.5999988e-12,162698.0
2025-05-31 21:00:00,-5.8945007,4.0892944,289.32007,291.5069,0.9898987,1.0,1.0,0.00096797943,64.0,162944.0
2025-05-31 22:00:00,-6.000046,3.2656708,289.33484,291.22748,1.0,1.0,1.0,0.0010919571,8896.0,160687.0
2025-05-31 23:00:00,-6.588608,3.2134705,289.45255,291.3028,1.0,1.0,1.0,0.001502037,33728.0,152916.0
2025-06-01 00:00:00,-6.6566925,3.3121948,289.5392,291.29974,1.0,1.0,1.0,0.002453804,49280.0,155688.0
2025-06-01 01:00:00,-6.739273,3.3750153,289.763,291.55988,0.94595337,1.0,1.0,0.0032305717,124288.0,138596.0
2025-06-01 02:00:00,-6.8088684,3.2855988,290.04245,291.80603,0.9862671,1.0,1.0,0.0025968552,147008.0,132185.0
2025-06-01 03:00:00,-6.943634,3.098175,290.33344,292.07782,1.0,1.0,1.0,0.00237751,189376.0,124563.0
2025-06-01 04:00:00,-7.1759033,2.857605,290.5053,292.3027,1.0,1.0,1.0,0.0016326904,215360.0,125183.0
2025-06-01 05:00:00,-7.2739716,3.0586243,290.90442,292.45633,1.0,1.0,1.0,0.0013103485,166272.0,135309.0
2025-06-01 06:00:00,-6.984314,3.0946655,291.07312,292.3921,0.9961548,1.0,0.88812256,0.0009756088,191552.0,123450.0
2025-06-01 07:00:00,-6.861389,2.9632874,291.35455,292.72302,0.8451843,1.0,1.0,0.0013122559,134592.0,168422.0
2025-06-01 08:00:00,-6.748291,2.7647552,291.55273,292.6142,0.3260193,1.0,1.0,0.0007247925,114240.0,175423.0
2025-06-01 09:00:00,-6.6639557,2.580536,291.8985,293.09552,0.20767212,1.0,0.91516113,0.00041103363,107392.0,163514.0
2025-06-01 10:00:00,-6.4357147,1.8878784,291.85718,293.3748,0.99697876,1.0,0.6052246,0.00015544891,62528.0,151254.0
2025-06-01 11:00:00,-5.907364,1.6030579,292.21533,293.6386,1.0,1.0,0.82315063,0.00076818466,10304.0,139511.0
2025-06-01 12:00:00,-5.5941925,1.513855,292.583,293.76312,1.0,1.0,1.0,0.00031805038,3.5999988e-12,122153.0
2025-06-01 13:00:00,-5.6926727,1.7981873,292.76422,293.875,1.0,1.0,0.8916321,0.00038862228,3.5999988e-12,111639.0
2025-06-01 14:00:00,-5.3037415,1.8894653,293.05377,294.02313,1.0,1.0,0.92770386,0.00044584274,3.5999988e-12,97603.0
2025-06-01 15:00:00,-4.948395,2.096756,293.35236,294.17444,0.96554565,1.0,0.9930115,0.00039052963,3.5999988e-12,77055.0
2025-06-01 16:00:00,-4.416214,2.0688934,293.4248,294.17365,1.0,1.0,1.0,0.00037431717,3.5999988e-12,64084.0
2025-06-01 17:00:00,-3.8880005,1.8936615,293.6494,294.2224,0.9836426,1.0,0.9836426,0.00028181076,3.5999988e-12,46213.0
2025-06-01 18:00:00,-3.2879028,1.5971832,293.646,294.20517,0.9768677,0.94558716,0.89675903,0.00011014938,3.5999988e-12,34350.0
2025-06-01 19:00:00,-2.8761597,1.4035492,293.6491,294.13318,0.9429016,0.9637146,0.7247925,5.1021576e-05,3.5999988e-12,33453.0
2025-06-01 20:00:00,-2.1016998,1.317688,293.61176,294.0047,0.9831238,1.0,0.73779297,0.0009737015,3.5999988e-12,28066.0
2025-06-01 21:00:00,-1.8244171,0.8460541,293.6304,293.90704,1.0,0.69766235,0.5618286,0.0021767616,192.0,21743.0
2025-06-01 22:00:00,-0.8217468,-0.120666504,294.00098,294.18643,1.0,0.95166016,0.6573181,0.003841877,22464.0,11871.0
2025-06-01 23:00:00,-0.22705078,-1.0045624,294.14374,294.3021,0.90408325,1.0,0.6778259,0.003458023,41728.0,6938.0
2025-06-02 00:00:00,1.157135,-1.2599487,294.39935,294.47623,0.91729736,1.0,0.9546509,0.0024766922,123008.0,-6077.0
2025-06-02 01:00:00,1.4720154,-1.4503174,294.29898,294.31735,0.7923279,1.0,1.0,0.002374649,110528.0,-6716.0
2025-06-02 02:00:00,1.4030914,-1.5303345,294.42624,294.46707,0.1361084,1.0,1.0,0.0015258789,110080.0,-7370.0
2025-06-02 03:00:00,1.9701843,-1.6134796,294.31778,294.66147,0.11932373,1.0,0.984375,0.0005559921,358528.0,-43923.0
2025-06-02 04:00:00,2.4264984,-2.3806458,294.05615,294.56366,0.7965698,1.0,0.9060364,5.00679e-05,362304.0,-17155.0
2025-06-02 05:00:00,2.4386902,-3.3061829,293.74628,295.31158,0.70202637,1.0,0.74990845,4.8160553e-05,687360.0,-97249.0
2025-06-02 06:00:00,2.283966,-3.9979858,293.4314,295.34747,0.15808105,1.0,0.32141113,3.2424927e-05,823040.0,-149123.0
2025-06-02 07:00:00,2.6935577,-4.1320343,293.0593,294.98615,0.31085205,1.0,0.48602295,2.861023e-06,593472.0,-109439.0
2025-06-02 08:00:00,2.9558105,-3.8633728,292.3225,294.4026,0.50219727,1.0,0.5710449,9.536743e-07,439104.0,-66368.0
2025-06-02 09:00:00,2.8210907,-3.9399872,291.98944,294.17395,0.13665771,1.0,0.4855957,4.7683716e-07,314880.0,-35789.0
2025-06-02 10:00:00,2.4367523,-4.1764984,291.763,293.78094,0.3635559,1.0,0.8690491,6.67572e-06,118976.0,10251.0
2025-06-02 11:00:00,1.9867554,-4.4166565,291.7407,293.44373,0.04522705,0.9939575,0.64245605,1.2874603e-05,23488.0,25779.0
2025-06-02 12:00:00,1.5624695,-4.236023,291.6069,293.29688,0.16152954,1.0,0.5379944,1.2397766e-05,3.5999988e-12,26097.0
2025-06-02 13:00:00,1.5893402,-4.0170135,291.25583,292.9811,0.059570312,1.0,0.18164062,1.0967255e-05,3.5999988e-12,19268.0
2025-06-02 14:00:00,1.9440613,-3.8406677,290.96005,292.9023,0.43411255,0.984375,0.11709595,4.7683716e-06,3.5999988e-12,18737.0
2025-06-02 15:00:00,1.826355,-3.4361572,290.8444,292.86017,0.6668396,0.4960022,0.40148926,0.0,3.5999988e-12,18689.0
2025-06-02 16:00:00,1.9220428,-3.212906,290.7375,292.74225,0.3486328,0.060150146,0.93081665,0.0,3.5999988e-12,23765.0
2025-06-02 17:00:00,1.8454285,-2.9489899,290.65784,292.4846,0.15032959,0.0038452148,0.7183533,0.0,3.5999988e-12,34903.0
2025-06-02 18:00:00,1.8789368,-2.9840698,290.70532,292.556,0.022003174,0.0,0.24325562,0.0,3.5999988e-12,38438.0
2025-06-02 19:00:00,1.8238983,-3.0033417,290.69647,292.45807,0.0,0.0,0.09649658,0.0,3.5999988e-12,34027.0
2025-06-02 20:00:00,1.8927002,-3.0350494,290.39053,291.86768,0.015106201,0.033813477,0.03024292,0.0,3.5999988e-12,38962.0
2025-06-02 21:00:00,2.1594238,-3.2528992,290.44498,291.73022,0.012512207,0.087524414,0.019073486,0.0,704.0,42648.0
2025-06-02 22:00:00,2.263855,-3.1240997,290.5541,293.15674,0.0,0.17526245,0.022003174,0.0,164416.0,-1646.0
2025-06-02 23:00:00,1.9176788,-4.1032257,290.22263,293.46234,0.028137207,0.37954712,0.0030212402,0.0,595520.0,-108984.0
2025-06-03 00:00:00,1.1967621,-3.7528534,289.93564,293.8637,0.127594,0.7966919,0.0,0.0,1216960.0,-276261.0
2025-06-03 01:00:00,0.68963623,-3.1282196,289.777,294.49408,0.0031433105,0.46209717,0.0,0.0,1805760.0,-399171.0
2025-06-03 02:00:00,0.27452087,-2.4752502,290.0478,297.2849,0.025115967,0.0093688965,0.0,0.0,2370048.0,-492726.0
2025-06-03 03:00:00,0.19351196,-2.0503082,290.3647,297.6753,0.08325195,0.013244629,0.0,0.0,2773184.0,-554417.0
2025-06-03 04:00:00,0.16462708,-1.4929352,290.4461,297.95984,0.047821045,0.024475098,0.0,0.0,2974976.0,-556716.0
2025-06-03 05:00:00,0.22860718,-1.1737366,290.3491,299.69702,0.0,0.024475098,0.0,0.0,2947968.0,-506073.0
2025-06-03 06:00:00,0.10101318,-0.67807007,290.67416,300.02283,0.018127441,0.0,0.0,0.0,2718720.0,-423230.0
2025-06-03 07:00:00,-0.0921936,0.018615723,290.6596,300.32507,0.38024902,0.0,0.016357422,0.0,2311936.0,-295546.0
2025-06-03 08:00:00,-0.09283447,0.5734558,290.98767,300.12927,0.10430908,0.0062561035,0.104278564,0.0,1780672.0,-188517.0
2025-06-03 09:00:00,-0.3766327,1.2801971,291.07532,299.77747,0.0,0.0031433105,0.09124756,0.0,1147648.0,-70443.0
2025-06-03 10:00:00,-0.6322632,1.0911865,291.08752,297.95166,0.0,0.020935059,0.10437012,0.0,543040.0,12212.0
2025-06-03 11:00:00,-1.2584381,1.8817596,291.46378,297.06006,0.065826416,0.013122559,0.08654785,0.0,99136.0,38723.0
2025-06-03 12:00:00,-0.9274597,2.1139374,291.71143,296.56714,0.06945801,0.006164551,0.2220459,0.0,3.5999988e-12,41533.0
2025-06-03 13:00:00,-0.50094604,1.9715271,291.9998,296.26624,0.061340332,0.02178955,0.029266357,0.0,3.5999988e-12,28360.0
2025-06-03 14:00:00,-0.24691772,2.2561035,292.04422,294.5229,0.113708496,0.0,0.006164551,0.0,3.5999988e-12,29675.0
2025-06-03 15:00:00,-0.059646606,2.706726,291.98544,294.12347,0.16687012,0.023132324,0.016143799,0.0,3.5999988e-12,41503.0
2025-06-03 16:00:00,0.25535583,2.8739624,291.9316,294.19882,0.6142578,0.013122559,0.023132324,0.0,3.5999988e-12,51906.0
2025-06-03 17:00:00,0.6587677,2.7044983,292.04883,293.52124,0.46594238,0.0,0.043029785,0.0,3.5999988e-12,50703.0
2025-06-03 18:00:00,0.8887329,2.532486,292.15656,293.76178,0.4308777,0.019989014,0.026977539,0.0,3.5999988e-12,41337.0
2025-06-03 19:00:00,1.1379547,2.3606567,291.98126,293.77826,0.13458252,0.0038452148,0.019989014,0.0,3.5999988e-12,52497.0
2025-06-03 20:00:00,1.1799164,2.2425385,291.74088,293.52454,0.0,0.0,0.01373291,0.0,3.5999988e-12,56244.0
2025-06-03 21:00:00,1.1886597,2.2649841,291.60333,293.15454,0.0,0.0,0.013031006,0.0,960.0,54132.0
2025-06-03 22:00:00,1.4257507,2.5227509,291.54608,295.91473,0.038726807,0.0,0.0,0.0,192064.0,26973.0
2025-06-03 23:00:00,1.1369019,2.4493713,290.94968,296.73468,0.01977539,0.0,0.0,0.0,674752.0,-46533.0
2025-06-04 00:00:00,1.4236298,2.4223022,290.73956,297.37897,0.0060424805,0.0,0.0,0.0,1349248.0,-148135.0
2025-06-04 01:00:00,1.8365936,2.1073456,291.03833,298.1477,0.0,0.0,0.0,0.0,1923968.0,-230282.0
2025-06-04 02:00:00,1.8908539,1.3834534,291.2298,299.0846,0.0,0.0,0.0,0.0,2363840.0,-307514.0
2025-06-04 03:00:00,1.5832367,0.9512787,291.05737,302.9906,0.0,0.0093688965,0.03439331,0.0,2807616.0,-376219.0
2025-06-04 04:00:00,1.2870941,0.9920502,291.248,303.47876,0.0,0.0062561035,0.15090942,0.0,2974400.0,-388766.0
2025-06-04 05:00:00,0.90008545,1.4851074,290.9619,303.7251,0.06878662,0.017791748,0.25274658,0.0,2945664.0,-357810.0
2025-06-04 06:00:00,0.47013855,2.0246277,290.86865,303.83008,0.16152954,0.015411377,0.20245361,0.0,2648064.0,-286845.0
2025-06-04 07:00:00,0.24009705,2.331833,290.77808,303.6919,0.044189453,0.0038452148,0.28457642,0.0,2000768.0,-157278.0
2025-06-04 08:00:00,-0.26235962,2.4188538,289.86816,303.00977,0.071899414,0.0038452148,0.20074463,0.0,1376384.0,-47492.0
2025-06-04 09:00:00,-0.955246,2.4855042,290.1194,302.54736,0.47183228,0.0,0.19186401,0.0,1008960.0,11252.0
2025-06-04 10:00:00,-1.0501251,2.1212158,291.57074,300.06946,0.5493164,0.0,0.24591064,0.0,485696.0,54079.0
2025-06-04 11:00:00,-1.0878906,2.3393097,291.2732,299.3623,0.6419678,0.0,0.2425232,0.0,97536.0,89847.0
2025-06-04 12:00:00,-1.4055023,2.886795,290.72925,299.18054,0.57595825,0.0,0.089416504,0.0,3.5999988e-12,83731.0
2025-06-04 13:00:00,-1.0532837,3.2530975,290.33185,298.85437,0.078948975,0.0,0.0030212402,0.0,3.5999988e-12,90081.0
2025-06-04 14:00:00,-0.66737366,3.3384247,289.61584,297.6056,0.26119995,0.0,0.0,0.0,3.5999988e-12,88747.0
2025-06-04 15:00:00,-0.40283203,3.3863525,288.87122,297.06146,0.1065979,0.0,0.0,0.0,3.5999988e-12,118625.0
2025-06-04 16:00:00,-0.31562805,3.2226257,288.5935,296.67157,0.04257202,0.0,0.0,0.0,3.5999988e-12,117950.0
2025-06-04 17:00:00,-0.23379517,3.1945648,288.75946,295.20142,0.054260254,0.0,0.0,0.0,3.5999988e-12,110148.0
2025-06-04 18:00:00,-0.18595886,3.2706451,288.77527,295.03754,0.0069885254,0.0,0.0,0.0,3.5999988e-12,111801.0
2025-06-04 19:00:00,-0.047424316,3.295044,288.65985,294.9563,0.006164551,0.0,0.0,0.0,3.5999988e-12,142174.0
2025-06-04 20:00:00,-0.058914185,3.1997223,288.28302,294.61572,0.040008545,0.0,0.010009766,0.0,3.5999988e-12,144065.0
2025-06-04 21:00:00,-0.14787292,3.1744843,288.13892,294.84222,0.07962036,0.0,0.038238525,0.0,1024.0,140781.0
2025-06-04 22:00:00,-0.19177246,3.1752014,288.26288,298.03394,0.2763977,0.0,0.10772705,0.0,198592.0,117196.0
2025-06-04 23:00:00,-0.18185425,3.336792,288.45154,299.03833,0.31445312,0.0,0.16577148,0.0,725184.0,38452.0
2025-06-05 00:00:00,0.18904114,3.155548,288.8003,299.85315,0.06768799,0.0,0.19528198,0.0,1304000.0,-41382.0
2025-06-05 01:00:00,0.45874023,3.3779602,289.28143,300.81934,0.2741394,0.0,0.41293335,0.0,1969024.0,-117807.0
2025-06-05 02:00:00,-0.024353027,3.6246185,286.80444,303.8479,0.0362854,0.0,0.18969727,0.0,2358016.0,-169890.0
2025-06-05 03:00:00,-0.48136902,4.0125732,286.33228,304.1775,0.0030212402,0.0,0.17401123,0.0,2751744.0,-218927.0
2025-06-05 04:00:00,-0.8675537,4.618042,285.76843,304.35254,0.0,0.0,0.22561646,0.0,2919680.0,-222248.0
2025-06-05 05:00:00,-1.2483063,5.0519867,283.70776,304.94873,0.0,0.0,0.19302368,0.0,2920064.0,-215774.0
2025-06-05 06:00:00,-1.7250366,4.9612427,284.04517,304.62793,0.0,0.0,0.1812439,0.0,2553472.0,-125933.0
2025-06-05 07:00:00,-2.1855316,4.7567596,285.98145,304.10278,0.0,0.0,0.29788208,0.0,2219968.0,-113459.0
2025-06-05 08:00:00,-2.560791,4.5765533,286.46997,302.83594,0.0,0.0,0.2652588,0.0,1621888.0,-35066.0
2025-06-05 09:00:00,-2.6131592,5.0236664,286.0387,302.55273,0.0,0.0,0.19067383,0.0,1152640.0,22350.0
2025-06-05 10:00:00,-2.288742,4.7709045,285.88196,299.5957,0.0,0.0,0.06384277,0.0,563200.0,154940.0
2025-06-05 11:00:00,-2.3932343,5.472595,285.40088,299.2953,0.0,0.0,0.12286377,0.0,100480.0,230930.0
2025-06-05 12:00:00,-2.1085663,5.883484,286.1964,299.2188,0.0,0.0,0.10998535,0.0,3.5999988e-12,249940.0
2025-06-05 13:00:00,-1.7085266,5.859436,287.00403,299.11853,0.0,0.0,0.06466675,0.0,3.5999988e-12,244763.0
2025-06-05 14:00:00,-1.4754791,5.7236176,287.37354,297.83673,0.0,0.0,0.04989624,0.0,3.5999988e-12,228691.0
2025-06-05 15:00:00,-1.2555084,5.67836,288.15247,297.88568,0.0,0.0,0.009185791,0.0,3.5999988e-12,210364.0
2025-06-05 16:00:00,-1.1526337,5.5490417,288.8142,297.8216,0.0,0.0,0.0,0.0,3.5999988e-12,196518.0
2025-06-05 17:00:00,-1.1110992,5.3870087,289.14734,297.08334,0.0,0.0,0.0,0.0,3.5999988e-12,183301.0
2025-06-05 18:00:00,-1.1125946,5.297806,290.1858,297.19415,0.0,0.0,0.0,0.0,3.5999988e-12,169952.0
2025-06-05 19:00:00,-1.0944061,5.187668,290.56653,297.0359,0.0,0.0,0.0,0.0,3.5999988e-12,152376.0
2025-06-05 20:00:00,-1.0929413,5.092865,290.96716,296.2075,0.0,0.0,0.0062561035,0.0,3.5999988e-12,152053.0
2025-06-05 21:00:00,-1.104065,4.869171,291.1991,296.22827,0.0211792,0.0,0.0030212402,0.0,1024.0,144217.0
2025-06-05 22:00:00,-1.233078,4.423477,291.65527,298.4876,0.07739258,0.0,0.059783936,0.0,193984.0,85152.0
2025-06-05 23:00:00,-1.4087219,4.8039703,291.4707,299.09625,0.18237305,0.0,0.030639648,0.0,693632.0,-42937.0
2025-06-06 00:00:00,-1.0606537,5.722809,291.13098,299.6704,0.103027344,0.0,0.016052246,0.0,1311808.0,-195697.0
2025-06-06 01:00:00,-0.5838623,5.8570557,290.92432,299.9618,0.0,0.0,0.041046143,0.0,1808384.0,-314711.0
2025-06-06 02:00:00,-0.40698242,5.5093384,291.5099,302.37952,0.0,0.0,0.104888916,0.0,2271936.0,-419542.0
2025-06-06 03:00:00,-0.4394989,5.206482,291.6322,302.63452,0.0,0.0,0.08227539,0.0,2506688.0,-453218.0
2025-06-06 04:00:00,-0.55052185,5.0634613,291.87903,302.9275,0.0,0.0,0.047912598,0.0,2670976.0,-476866.0
2025-06-06 05:00:00,-0.5599823,4.7190094,292.7909,304.198,0.0,0.0,0.009887695,0.0,2743360.0,-487709.0
2025-06-06 06:00:00,-0.8668213,4.563614,293.29285,304.43896,0.0,0.0,0.03918457,0.0,2606208.0,-436122.0
2025-06-06 07:00:00,-1.296936,4.4059753,293.6797,304.3042,0.038970947,0.0,0.063964844,0.0,1991296.0,-263728.0
2025-06-06 08:00:00,-1.8465118,4.378525,294.4773,303.7937,0.2579651,0.0,0.10092163,0.0,1690496.0,-216257.0
2025-06-06 09:00:00,-2.1272125,4.074753,294.6277,303.18164,0.09487915,0.0,0.11218262,0.0,1122176.0,-105763.0
2025-06-06 10:00:00,-2.1717682,3.1380005,294.76276,300.48376,0.017791748,0.0,0.12509155,0.0,513664.0,-1026.0
2025-06-06 11:00:00,-2.2131195,3.6205597,294.63995,300.10034,0.0,0.0,0.34646606,0.0,100032.0,59922.0
2025-06-06 12:00:00,-2.2130432,4.19133,294.77908,299.9906,0.020202637,0.0,0.5091858,0.0,3.5999988e-12,74318.0
2025-06-06 13:00:00,-2.0360565,4.519226,294.97394,299.7776,0.05581665,0.0,0.5519104,0.0,3.5999988e-12,76633.0
2025-06-06 14:00:00,-1.9539032,4.6622314,294.9431,298.7492,0.05847168,0.0,0.5387268,0.0,3.5999988e-12,70053.0
2025-06-06 15:00:00,-1.7197876,4.6202393,295.0667,298.95453,0.050048828,0.0,0.50479126,0.0,3.5999988e-12,67071.0
2025-06-06 16:00:00,-1.5872955,4.3181915,295.1987,299.05573,0.20932007,0.0,0.40722656,0.0,3.5999988e-12,73325.0
2025-06-06 17:00:00,-1.6072845,4.3086243,295.54767,298.74347,0.032073975,0.0,0.2817688,0.0,3.5999988e-12,69818.0
2025-06-06 18:00:00,-1.349762,4.20903,295.48587,298.46307,0.036254883,0.0,0.2980957,0.0,3.5999988e-12,68207.0
2025-06-06 19:00:00,-1.1455841,3.9469604,295.50555,298.62567,0.11419678,0.0069885254,0.18200684,0.0,3.5999988e-12,48846.0
2025-06-06 20:00:00,-1.0475922,3.6715546,295.80185,297.92194,0.31185913,0.0138549805,0.22241211,0.0,3.5999988e-12,56751.0
2025-06-06 21:00:00,-0.9790497,3.2570343,295.79333,297.8084,0.71469116,0.010009766,0.30889893,0.0,640.0,52214.0
2025-06-06 22:00:00,-1.3912506,0.8957062,295.80862,298.38702,0.9840393,0.010009766,0.8164978,0.0005273819,116672.0,8204.0
2025-06-06 23:00:00,-2.0231476,0.083984375,295.7572,298.22235,1.0,0.0069885254,0.8652344,0.00046920776,270080.0,-16208.0
2025-06-07 00:00:00,-1.8991547,-0.0152282715,296.08395,297.6938,1.0,0.0038452148,0.9506836,0.0009918213,203136.0,-2217.0
2025-06-07 01:00:00,-1.7406311,-0.39068604,296.2283,297.75262,1.0,0.092315674,1.0,0.0013227463,406848.0,-23756.0
2025-06-07 02:00:00,-1.9499207,-0.7997894,296.4634,297.91486,0.9689331,0.2760315,0.9727783,0.0013895035,382592.0,-12152.0
2025-06-07 03:00:00,-2.4912872,-0.5554962,296.5316,297.8634,0.9939575,0.4522705,0.9939575,0.0013542175,607872.0,-36693.0
2025-06-07 04:00:00,-3.7463226,-0.42004395,296.60742,297.65564,0.98605347,0.045410156,0.9746704,0.002735138,449152.0,-17963.0
2025-06-07 05:00:00,-4.149231,0.3070526,296.68182,298.3789,0.9877014,0.39990234,0.98324585,0.004214287,412416.0,-18909.0
2025-06-07 06:00:00,-4.09523,1.445694,296.52216,298.2035,0.94937134,0.4184265,0.9908142,0.0031747818,270016.0,-4794.0
2025-06-07 07:00:00,-3.2592316,1.4374084,296.54248,298.37305,0.9492798,0.036010742,0.9848938,0.0027275085,396672.0,-10902.0
2025-06-07 08:00:00,-3.155655,0.86787415,296.24997,297.42694,0.9939575,0.04248047,0.9968567,0.0038781166,253184.0,8839.0
2025-06-07 09:00:00,-3.4997406,0.8149414,295.95966,297.52502,0.96487427,0.04574585,1.0,0.004271984,74496.0,33006.0
2025-06-07 10:00:00,-1.9033661,1.4361725,295.2744,296.23822,0.9486084,0.45098877,1.0,0.0036931038,21760.0,42745.0
2025-06-07 11:00:00,-2.057434,1.4521027,295.23657,296.37936,0.76846313,0.2784729,0.8737793,0.0026230812,5952.0,43947.0
2025-06-07 12:00:00,-2.1723633,0.7121124,295.32547,296.53677,0.9290161,0.0060424805,0.7959595,0.0018348694,3.5999988e-12,38080.0
2025-06-07 13:00:00,-3.1819305,1.1843567,295.54773,296.78705,0.9675293,0.0093688965,0.49176025,0.0011854172,3.5999988e-12,34593.0
2025-06-07 14:00:00,-2.8345795,1.364502,295.8207,296.84875,1.0,0.0473938,0.27871704,0.00033283234,3.5999988e-12,37095.0
2025-06-07 15:00:00,-2.1715546,0.9941864,295.93106,296.97537,0.98999023,0.11621094,0.54315186,0.0006008148,3.5999988e-12,32060.0
2025-06-07 16:00:00,-1.9217529,1.0602112,296.04285,297.05484,0.9778137,0.28414917,0.58929443,0.0017051697,3.5999988e-12,24780.0
2025-06-07 17:00:00,-2.175354,1.5095062,296.15765,296.98773,0.9830322,0.7591553,0.52948,0.0032691956,3.5999988e-12,20723.0
2025-06-07 18:00:00,-2.343521,1.2380066,296.17682,296.9519,0.98928833,0.9593506,0.7155762,0.004105091,3.5999988e-12,17540.0
2025-06-07 19:00:00,-2.7368927,1.1603088,296.08612,296.96228,0.98394775,0.9848938,0.6394348,0.005194664,3.5999988e-12,18231.0
2025-06-07 20:00:00,-2.5955353,1.1070557,296.0569,296.82275,1.0,0.71276855,0.48538208,0.00500679,3.5999988e-12,19224.0
2025-06-07 21:00:00,-1.9300079,0.631958,296.08533,296.6924,0.9939575,1.0,0.40145874,0.004014969,192.0,18241.0
2025-06-07 22:00:00,-3.436966,-0.7353668,296.04187,296.63507,1.0,0.4350891,0.8114319,0.004969597,27840.0,9578.0
2025-06-07 23:00:00,-2.5861816,-1.5215302,296.28033,296.89774,1.0,0.7663574,0.9968567,0.004140854,60160.0,1499.0
2025-06-08 00:00:00,-3.2134552,-2.926422,296.52008,296.83582,1.0,0.7520752,1.0,0.0033111572,81088.0,-3215.0
2025-06-08 01:00:00,-4.5990295,-2.843399,296.5537,296.6305,1.0,1.0,0.4677124,0.0020074844,104384.0,-6699.0
2025-06-08 02:00:00,-5.336441,-1.846405,296.00873,296.1504,0.99383545,1.0,1.0,0.0015525818,90240.0,-5981.0
2025-06-08 03:00:00,-4.3434143,-1.2030792,295.87238,295.95258,1.0,1.0,0.9810486,0.0012001991,156992.0,-15362.0
2025-06-08 04:00:00,-3.4804993,-1.722168,295.3086,295.3098,0.9930115,0.99697876,0.96295166,0.0015463829,292544.0,-31574.0
2025-06-08 05:00:00,-2.9708557,-2.3947296,294.8103,295.16125,1.0,1.0,0.90979004,0.00074386597,227392.0,15129.0
2025-06-08 06:00:00,-3.21344,-3.2987366,293.98584,295.01135,1.0,1.0,0.9727783,0.00020837784,375040.0,38337.0
2025-06-08 07:00:00,-4.0182495,-3.9008026,292.87634,294.7602,1.0,1.0,1.0,0.0016245842,213760.0,-8308.0
2025-06-08 08:00:00,-5.838562,-4.062607,292.8125,294.9284,1.0,1.0,0.8953552,0.0012822151,81664.0,45090.0
2025-06-08 09:00:00,-6.889282,-3.9563293,293.06503,295.36896,1.0,1.0,0.68618774,0.00046348572,76480.0,112152.0
2025-06-08 10:00:00,-5.4254913,-0.9831238,293.6004,294.95837,0.9798889,0.47894287,0.82943726,0.0002632141,96000.0,96160.0
2025-06-08 11:00:00,-4.393173,-1.0890503,294.09796,295.4352,0.9930115,0.067474365,0.9758301,0.00019645691,26432.0,90597.0
2025-06-08 12:00:00,-3.5374908,-0.9420624,294.37952,295.66827,1.0,0.24649048,0.7182312,0.00060653687,3.5999988e-12,78986.0
2025-06-08 13:00:00,-2.999054,-0.8496094,294.49463,295.9128,1.0,0.9538269,0.75375366,0.0005903244,3.5999988e-12,59185.0
2025-06-08 14:00:00,-2.5235443,-1.1728973,294.64557,295.8026,0.9968567,0.98187256,0.79681396,0.0016403198,3.5999988e-12,42050.0
2025-06-08 15:00:00,-2.4756012,-2.058319,294.62073,295.78537,0.98687744,1.0,0.55218506,0.00069999695,3.5999988e-12,35290.0
2025-06-08 16:00:00,-2.9216156,-2.3188171,294.52734,295.73727,0.95477295,1.0,0.3552246,0.00010108948,3.5999988e-12,36146.0
2025-06-08 17:00:00,-2.9130554,-2.5062103,294.41467,295.4095,0.90063477,1.0,0.37393188,4.005432e-05,3.5999988e-12,28766.0
2025-06-08 18:00:00,-2.8719635,-2.638626,294.32123,295.1875,0.9439697,1.0,0.65341187,1.8119812e-05,3.5999988e-12,27614.0
2025-06-08 19:00:00,-2.5194092,-2.5858917,294.30438,295.35846,1.0,1.0,0.65283203,0.0004348755,3.5999988e-12,27720.0
2025-06-08 20:00:00,-2.5054016,-2.4337769,294.25653,295.2069,0.98187256,0.9968567,0.74523926,0.00046253204,3.5999988e-12,29639.0
2025-06-08 21:00:00,-2.0197449,-2.5857697,294.14624,295.0875,0.97314453,0.9906311,0.97772217,0.0006427765,256.0,31839.0
2025-06-08 22:00:00,-2.6123047,-2.4834137,294.2716,295.33765,0.98687744,1.0,0.9682617,0.00065517426,23936.0,28867.0
2025-06-08 23:00:00,-2.324585,-1.7710419,294.51068,295.68582,0.9700012,1.0,0.99697876,0.00066900253,118592.0,13151.0
2025-06-09 00:00:00,-2.3437805,-1.8347473,294.7774,295.7986,0.95303345,1.0,1.0,0.0009469986,292480.0,-15302.0
2025-06-09 01:00:00,-2.7143555,-2.2187347,295.36945,296.08914,0.90789795,1.0,0.9286194,0.0009846687,680128.0,-76465.0
2025-06-09 02:00:00,-3.2859497,-2.4043427,295.4309,296.66498,0.7915039,0.95162964,0.8273926,0.0010137558,610112.0,-70397.0
2025-06-09 03:00:00,-3.2337036,-2.3117065,295.3891,296.43115,0.23626709,1.0,1.0,0.0008444786,519488.0,-57861.0
2025-06-09 04:00:00,-3.296646,-2.1229248,295.32385,296.286,0.043792725,1.0,0.9465332,0.00062322617,369216.0,-37216.0
2025-06-09 05:00:00,-3.1338654,-1.6473694,295.292,296.20032,0.13467407,1.0,0.7687683,0.00080251694,341696.0,-37323.0
2025-06-09 06:00:00,-3.010498,-1.4662933,295.42377,296.17163,0.30584717,1.0,0.7539673,0.0007338524,372480.0,-43936.0
2025-06-09 07:00:00,-2.921875,-1.4789886,295.3554,296.07605,0.29992676,0.9593506,0.6220093,0.000579834,467392.0,-56303.0
2025-06-09 08:00:00,-3.0795135,-0.89042664,295.2204,295.88467,0.45758057,0.9237366,0.39215088,0.00039100647,625728.0,-67366.0
2025-06-09 09:00:00,-2.724701,-0.100738525,294.85187,295.9638,0.6056824,0.5864563,0.36746216,0.0012407303,416256.0,-24986.0
2025-06-09 10:00:00,-0.8759155,-0.30422974,295.0277,295.92334,0.61938477,0.18173218,0.5700989,0.0019712448,242688.0,668.0
2025-06-09 11:00:00,-1.1961365,-0.41757202,294.8443,295.83768,0.5368347,0.1401062,0.53793335,0.0019378662,39552.0,11324.0
2025-06-09 12:00:00,-1.6341553,-0.8402252,294.80194,295.94867,0.23486328,0.16827393,0.34310913,0.0009355545,3.5999988e-12,14713.0
2025-06-09 13:00:00,-1.5379486,-0.26187134,294.87628,296.0784,0.04977417,0.20812988,0.027954102,4.1007996e-05,3.5999988e-12,15936.0
2025-06-09 14:00:00,-1.4249573,0.055770874,294.7271,295.6952,0.08627319,0.19055176,0.0,6.67572e-06,3.5999988e-12,9979.0
2025-06-09 15:00:00,-1.3276825,-0.1906128,294.85278,295.89813,0.08807373,0.7123413,0.047912598,8.201599e-05,3.5999988e-12,2931.0
2025-06-09 16:00:00,-0.91104126,-0.6428528,295.083,296.21417,0.13531494,0.80648804,0.13894653,2.193451e-05,3.5999988e-12,3879.0
2025-06-09 17:00:00,-1.1100159,-1.1754913,295.21674,296.11072,0.26480103,0.99697876,0.3166504,2.861023e-06,3.5999988e-12,3572.0
2025-06-09 18:00:00,-1.2292023,-1.4635468,295.21643,296.1228,0.1352539,1.0,0.2960205,1.335144e-05,3.5999988e-12,9682.0
2025-06-09 19:00:00,-1.7190399,-1.4664307,295.13745,296.10217,0.2519226,0.9562073,0.50753784,0.00101614,3.5999988e-12,8549.0
2025-06-09 20:00:00,-2.028244,-1.129303,294.96808,295.94525,0.32650757,0.61676025,0.95080566,0.002047062,3.5999988e-12,12743.0
2025-06-09 21:00:00,-2.0775146,-0.44067383,294.78717,295.6909,0.31951904,0.29629517,0.9788208,0.0020413399,384.0,18823.0
2025-06-09 22:00:00,-1.9175568,-0.72065735,294.40097,295.63937,0.22958374,0.630249,1.0,0.0015025139,30464.0,9803.0
2025-06-09 23:00:00,-1.6274872,-1.8187408,294.38544,295.56662,0.46713257,0.3774109,0.9939575,0.0011377335,65280.0,4828.0
2025-06-10 00:00:00,-1.8919983,-2.3813477,294.26144,295.5069,0.93252563,0.3139038,0.98846436,0.0009622574,140928.0,674.0
2025-06-10 01:00:00,-1.6244507,-2.3376465,294.49957,295.73068,0.9656372,0.37072754,0.94558716,0.00038003922,419392.0,-33520.0
2025-06-10 02:00:00,-2.1196442,-2.267685,294.36884,296.15552,0.9604187,0.37838745,1.0,0.0005850792,547968.0,-47793.0
2025-06-10 03:00:00,-2.3525085,-2.568222,294.02844,296.1111,0.72662354,0.2965088,0.9923096,0.00044727325,662016.0,-54677.0
2025-06-10 04:00:00,-2.2450256,-2.289627,293.85486,295.85147,0.8034973,0.24291992,0.98791504,0.00049066544,528320.0,-8686.0
2025-06-10 05:00:00,-1.9457703,-2.2538147,293.02994,296.14233,0.7385559,0.1390686,0.9939575,0.00021076202,724416.0,-41832.0
2025-06-10 06:00:00,-2.6144562,-1.9920197,292.6185,296.37958,0.6494751,0.09371948,0.9968567,0.00013875961,710528.0,-52579.0
2025-06-10 07:00:00,-2.1319122,-1.7832794,292.9041,296.3672,0.81588745,0.0362854,0.9718628,0.00076675415,283072.0,31894.0
2025-06-10 08:00:00,-1.1305542,-2.1921997,293.1563,296.00818,0.8534546,0.0,1.0,0.0007815361,301440.0,28945.0
2025-06-10 09:00:00,-1.2350006,-2.2206879,293.47253,296.0434,0.929718,0.0,1.0,0.00034713745,227712.0,31385.0
2025-06-10 10:00:00,-1.0023804,-0.8605957,293.4144,295.48392,0.9831238,0.0,1.0,7.1525574e-05,132096.0,37766.0
2025-06-10 11:00:00,-0.9150543,-1.3343201,293.61743,295.42706,1.0,0.0,1.0,6.198883e-05,20928.0,38851.0
2025-06-10 12:00:00,-1.4446564,-1.3925629,293.77267,295.2905,1.0,0.0115356445,1.0,0.000104904175,3.5999988e-12,31947.0
2025-06-10 13:00:00,-2.0764923,-1.0602264,294.1222,295.26825,1.0,0.0,0.9937439,7.8201294e-05,3.5999988e-12,28449.0
2025-06-10 14:00:00,-2.765274,-1.5700378,293.88123,294.84842,0.9968567,0.0038452148,0.95547485,6.484985e-05,3.5999988e-12,28309.0
2025-06-10 15:00:00,-2.3325653,-1.7897797,293.93695,295.10257,0.99697876,0.010009766,0.8226929,5.4359436e-05,3.5999988e-12,29299.0
2025-06-10 16:00:00,-2.1365967,-1.7547455,293.99515,295.05853,0.8927002,0.0031433105,0.94226074,0.00060272217,3.5999988e-12,28520.0
2025-06-10 17:00:00,-1.8938904,-1.5893555,293.81552,294.95798,0.80184937,0.0,0.94033813,0.0007266998,3.5999988e-12,35332.0
2025-06-10 18:00:00,-1.8324432,-1.7201233,293.6669,294.80765,0.6491089,0.043121338,0.9758301,0.0008420944,3.5999988e-12,46185.0
2025-06-10 19:00:00,-1.9584045,-1.3476562,293.558,294.9009,0.60565186,0.07675171,1.0,2.9563904e-05,3.5999988e-12,29408.0
2025-06-10 20:00:00,-2.145935,-1.1799927,293.4561,294.80536,0.6312561,0.032806396,1.0,7.772446e-05,3.5999988e-12,27801.0
2025-06-10 21:00:00,-1.9824219,-0.7013092,293.16534,294.65906,0.7770691,0.020721436,0.96377563,0.0003004074,384.0,27290.0
2025-06-10 22:00:00,-1.7806244,-0.2346344,293.407,295.5129,0.90426636,0.025939941,0.88235474,0.00035381317,69504.0,19352.0
2025-06-10 23:00:00,-2.1585236,-0.60624695,293.3684,295.5339,0.8517761,0.0,0.756073,0.00036621094,264896.0,2730.0
2025-06-11 00:00:00,-2.7901,-0.4463501,293.54327,295.37656,0.7597046,0.040161133,0.8327942,0.00056552887,285952.0,3627.0
2025-06-11 01:00:00,-2.8695679,-0.4197693,293.76404,295.12277,0.71810913,0.13513184,0.82196045,0.00049209595,504448.0,-33293.0
2025-06-11 02:00:00,-3.003662,-0.11328125,293.65747,296.08612,0.7571106,0.26971436,0.89678955,0.00028800964,1042432.0,-140148.0
2025-06-11 03:00:00,-2.8532867,-0.089263916,293.78308,296.32642,0.5570984,0.03439331,1.0,0.00018024445,1456384.0,-243916.0
2025-06-11 04:00:00,-2.4713745,-0.3153534,293.7406,296.4146,0.5152283,0.025024414,0.98999023,0.00012731552,1580032.0,-281191.0
2025-06-11 05:00:00,-2.2501678,-0.56866455,293.40356,295.79187,0.7684021,0.11380005,1.0,7.867813e-05,1221504.0,-205793.0
2025-06-11 06:00:00,-2.341156,-1.2246857,293.3772,295.85797,0.9810486,0.03326416,0.96969604,1.9550323e-05,910080.0,-155923.0
2025-06-11 07:00:00,-2.9176178,-1.3166046,293.28076,295.852,0.95162964,0.18457031,0.9968567,0.00068950653,457152.0,-10491.0
2025-06-11 08:00:00,-3.1105347,-1.2203217,293.0854,295.39365,0.9126587,0.10256958,0.95358276,0.00038433075,298880.0,22272.0
2025-06-11 09:00:00,-3.6235962,-1.2725983,293.04462,295.28384,0.95162964,0.19750977,1.0,0.00015497208,325568.0,10218.0
2025-06-11 10:00:00,-2.9195404,-0.9855194,292.76123,294.75418,0.98791504,0.15731812,0.9687195,8.916855e-05,131520.0,42311.0
2025-06-11 11:00:00,-3.3612518,-0.86657715,292.48682,294.6491,0.9908142,0.031066895,0.9812317,0.00012683868,19712.0,55255.0
2025-06-11 12:00:00,-3.4061584,-0.35102844,292.19397,294.62756,0.9798889,0.06048584,0.98147583,0.0002603531,3.5999988e-12,57769.0
2025-06-11 13:00:00,-2.8466034,-0.14637756,291.6839,294.23376,0.7338257,0.006866455,0.72332764,0.0009756088,3.5999988e-12,75421.0
2025-06-11 14:00:00,-2.6953583,-0.2544098,290.44165,293.5928,0.23934937,0.0211792,0.8708496,0.0011873245,3.5999988e-12,104750.0
2025-06-11 15:00:00,-2.600937,-0.027557373,290.3557,293.28586,0.23855591,0.38894653,0.8849182,0.001449585,3.5999988e-12,83995.0
2025-06-11 16:00:00,-2.4278564,-0.2110138,290.39777,293.08847,0.68515015,0.5417175,0.87905884,0.0018196106,3.5999988e-12,59914.0
2025-06-11 17:00:00,-2.0249176,-0.37338257,290.42615,292.85324,0.81359863,1.0,0.9454651,0.0016903877,3.5999988e-12,53799.0
2025-06-11 18:00:00,-2.2874146,-0.6027832,290.66675,293.10434,0.76727295,0.89993286,0.9840393,0.0014343262,3.5999988e-12,43275.0
2025-06-11 19:00:00,-2.817093,-0.88327026,290.80823,293.0893,0.8052368,1.0,0.84732056,0.002090454,3.5999988e-12,41332.0
2025-06-11 20:00:00,-2.8697815,-1.4086456,291.1908,292.89478,0.85446167,1.0,0.9968567,0.0021352768,3.5999988e-12,43939.0
2025-06-11 21:00:00,-3.2942963,-1.2633209,291.14465,292.86334,0.9104309,1.0,0.91085815,0.0014052391,192.0,41243.0
2025-06-11 22:00:00,-3.0350037,-1.6761017,291.4533,293.59937,0.90582275,0.9807739,0.9135742,0.0014414787,20352.0,42274.0
2025-06-11 23:00:00,-4.0319824,-1.4838867,291.8269,293.93768,0.747345,0.9538269,0.4730835,0.00053071976,107008.0,37372.0
2025-06-12 00:00:00,-5.016815,-1.3238068,292.16858,294.45673,0.3694458,0.99697876,0.5352783,0.00044250488,350848.0,1597.0
2025-06-12 01:00:00,-4.762329,-0.83621216,292.53693,295.1505,0.7758484,1.0,0.41107178,0.00018024445,559936.0,-30113.0
2025-06-12 02:00:00,-4.713135,-0.8405304,293.11182,296.29004,0.7581177,1.0,0.46557617,3.0040741e-05,1033152.0,-161116.0
2025-06-12 03:00:00,-4.888214,-0.41567993,293.39105,296.66553,0.73812866,1.0,0.3764038,4.7683716e-07,1360128.0,-285847.0
2025-06-12 04:00:00,-5.0203247,0.029342651,293.53595,296.90686,0.8584595,1.0,0.50302124,0.0,1570560.0,-356835.0
2025-06-12 05:00:00,-5.0934753,0.5628357,293.93976,296.8678,0.8692627,0.93130493,0.5472717,4.7683716e-07,1223232.0,-268208.0
2025-06-12 06:00:00,-4.9588776,1.07547,294.12518,297.036,0.80911255,1.0,0.47683716,4.7683716e-07,1529024.0,-352651.0
2025-06-12 07:00:00,-4.9168854,1.425415,294.23334,297.24036,0.672699,0.99697876,0.30145264,0.0,1016256.0,-201855.0
2025-06-12 08:00:00,-4.7628174,1.3791046,294.62115,297.21667,0.5658264,0.99697876,0.23388672,0.0,858560.0,-164728.0
2025-06-12 09:00:00,-4.531494,1.1005249,294.76758,297.24927,0.80459595,0.9939575,0.21209717,4.7683716e-07,772672.0,-144036.0
2025-06-12 10:00:00,-3.8908844,0.7463379,294.62756,296.75916,0.77197266,0.9810486,0.45007324,9.536743e-07,305216.0,-31208.0
2025-06-12 11:00:00,-3.9550629,0.7939606,294.5727,296.66577,0.68200684,0.6081543,0.098602295,0.0,60096.0,19142.0
2025-06-12 12:00:00,-4.2282867,1.3240814,294.71204,296.54767,0.22180176,0.2769165,0.119506836,0.0,3.5999988e-12,38992.0
2025-06-12 13:00:00,-4.069641,1.565506,294.9169,296.43225,0.31845093,0.14477539,0.1713562,0.0,3.5999988e-12,58628.0
2025-06-12 14:00:00,-3.9769287,2.1472778,295.30356,296.52356,0.4751587,0.13635254,0.08779907,0.0,3.5999988e-12,67117.0
2025-06-12 15:00:00,-4.1407166,3.2930908,295.67624,296.7251,0.84317017,0.18865967,0.028656006,0.0,3.5999988e-12,75526.0
2025-06-12 16:00:00,-3.9613647,3.5173035,295.87225,296.9355,0.8595581,0.53897095,0.042419434,0.0,3.5999988e-12,84932.0
2025-06-12 17:00:00,-3.403885,3.19281,296.44696,297.19293,0.97314453,0.7459717,0.06491089,0.0,3.5999988e-12,83815.0
2025-06-12 18:00:00,-3.4142456,3.1419373,296.72437,297.32706,0.9474182,1.0,0.2395935,3.0994415e-05,3.5999988e-12,72328.0
2025-06-12 19:00:00,-3.6490173,3.3857117,296.78207,297.36124,0.9909363,1.0,0.9168701,4.7683716e-06,3.5999988e-12,47101.0
2025-06-12 20:00:00,-3.9094849,3.5237122,297.0814,297.60617,0.99697876,1.0,0.93652344,6.67572e-05,3.5999988e-12,53025.0
2025-06-12 21:00:00,-3.9219055,3.3522644,296.93796,297.45734,1.0,1.0,0.61343384,0.00011253357,192.0,53554.0
2025-06-12 22:00:00,-3.9158936,2.512024,297.20508,297.92017,0.986145,1.0,0.8513489,0.00018501282,51840.0,46798.0
2025-06-12 23:00:00,-3.8106384,2.4618835,297.40405,298.00403,0.984375,0.8529358,0.9057007,0.00055885315,132416.0,43705.0
2025-06-13 00:00:00,-3.8803558,2.2516632,297.5703,298.44305,1.0,0.9656067,1.0,0.0015845299,257728.0,34261.0
2025-06-13 01:00:00,-4.0204163,2.0497131,297.3376,298.11853,1.0,1.0,0.97906494,0.0023231506,166720.0,58785.0
2025-06-13 02:00:00,-4.1885986,2.2293396,297.7528,298.89514,1.0,0.96069336,1.0,0.0022230148,187520.0,47031.0
2025-06-13 03:00:00,-4.523834,2.2454834,297.7746,299.0504,1.0,0.7855835,1.0,0.0012817383,501056.0,-7236.0
2025-06-13 04:00:00,-4.236313,2.2008667,298.0432,299.54443,1.0,0.56539917,0.86572266,0.0010080338,833088.0,-57959.0
2025-06-13 05:00:00,-4.186371,2.5286255,298.23633,300.6129,0.9968567,0.41833496,0.44070435,0.00063991547,1149184.0,-120263.0
2025-06-13 06:00:00,-4.4666595,2.8398132,298.17004,300.464,0.9937439,0.30773926,0.2697754,0.0010948181,997440.0,-97901.0
2025-06-13 07:00:00,-4.9767,1.9443359,298.25134,300.49792,0.94906616,0.2584839,0.39785767,0.0004606247,1320192.0,-167842.0
2025-06-13 08:00:00,-5.003662,0.9602356,297.83276,300.23987,0.79489136,0.59365845,0.31036377,0.0004878044,1046016.0,-121896.0
2025-06-13 09:00:00,-3.2207336,1.2943115,297.6701,300.31824,0.42773438,0.9562073,0.03024292,0.0001654625,605312.0,-61195.0
2025-06-13 10:00:00,-0.44706726,1.7644806,297.20752,298.41083,0.34509277,0.786438,0.05581665,1.5735626e-05,187264.0,2004.0
2025-06-13 11:00:00,-0.070877075,2.0368805,297.40356,298.63342,0.6211548,0.65563965,0.039886475,2.3841858e-06,33344.0,33090.0
2025-06-13 12:00:00,0.6107483,2.579956,297.40753,298.59644,0.97250366,0.4736023,0.10748291,1.9073486e-06,3.5999988e-12,34709.0
2025-06-13 13:00:00,0.662323,2.623413,297.41876,298.43127,1.0,0.46957397,0.119262695,1.4305115e-06,3.5999988e-12,34172.0
2025-06-13 14:00:00,0.78056335,2.5011902,297.2701,298.075,0.9898987,0.33242798,0.08331299,0.0,3.5999988e-12,33122.0
2025-06-13 15:00:00,1.2635345,2.1178894,297.32785,298.0746,0.94885254,0.18106079,0.05886841,0.0,3.5999988e-12,30152.0
2025-06-13 16:00:00,2.0603485,1.5492706,297.39627,298.14532,0.9238281,0.04043579,0.0154418945,0.0,3.5999988e-12,29065.0
2025-06-13 17:00:00,2.748703,1.0972748,297.31415,297.83832,0.78811646,0.03866577,0.045532227,0.0,3.5999988e-12,34998.0
2025-06-13 18:00:00,2.9032898,0.7277374,297.1761,297.73148,0.50979614,0.006164551,0.010009766,0.0,3.5999988e-12,35751.0
2025-06-13 19:00:00,2.850708,0.6511688,297.18298,297.56335,0.6131897,0.0031433105,0.0,0.0,3.5999988e-12,45939.0
2025-06-13 20:00:00,2.8576813,0.59565735,296.95135,297.49,0.39642334,0.0,0.0,0.0,3.5999988e-12,51449.0
2025-06-13 21:00:00,2.693924,0.29039,297.02875,297.48273,0.23794556,0.0,0.013946533,0.0,1024.0,54559.0
2025-06-13 22:00:00,2.2375946,-0.38008118,298.12677,299.41492,0.4326172,0.0,0.0062561035,0.0,173824.0,26588.0
2025-06-13 23:00:00,1.9159393,-0.21246338,298.42688,300.32666,0.4111328,0.0076904297,0.037078857,0.0,629632.0,-42882.0
